random_n60_k2_pos30_neg5_err5_1.g;23.0;1.0;0.96;3600.14;735.0;0
random_n60_k2_pos30_neg5_err5_2.g;11.0;2.0;0.82;3600.03;710.0;0
random_n60_k2_pos30_neg5_err5_3.g;9.0;2.0;0.78;3600.03;717.0;0
random_n60_k2_pos30_neg5_err5_4.g;13.0;0.0;1.0;3600.02;90.0;0
random_n60_k2_pos30_neg5_err5_5.g;13.0;1.0;0.92;3600.02;714.0;0
random_n60_k2_pos30_neg5_err10_1.g;38.0;0.0;1.0;3600.06;422.0;0
random_n60_k2_pos30_neg5_err10_2.g;24.0;0.0;1.0;3600.02;388.0;0
random_n60_k2_pos30_neg5_err10_3.g;34.0;0.0;1.0;3600.02;208.0;0
random_n60_k2_pos30_neg5_err10_4.g;61.0;0.0;1.0;3600.01;167.0;0
random_n60_k2_pos30_neg5_err10_5.g;25.0;0.0;1.0;3600.01;264.0;0
random_n60_k2_pos30_neg5_err20_1.g;61.0;0.0;1.0;3600.05;307.0;0
random_n60_k2_pos30_neg5_err20_2.g;53.0;0.0;1.0;3600.01;239.0;0
random_n60_k2_pos30_neg5_err20_3.g;65.0;0.0;1.0;3600.02;162.0;0
random_n60_k2_pos30_neg5_err20_4.g;68.0;0.0;1.0;3600.01;284.0;0
random_n60_k2_pos30_neg5_err20_5.g;78.0;0.0;1.0;3600.01;102.0;0
random_n60_k3_pos30_neg5_err5_1.g;13.0;2.0;0.85;3600.04;1916.0;0
random_n60_k3_pos30_neg5_err5_2.g;9.0;2.0;0.78;3600.07;1160.0;0
random_n60_k3_pos30_neg5_err5_3.g;14.0;2.0;0.86;3600.04;1205.0;0
random_n60_k3_pos30_neg5_err5_4.g;15.0;2.0;0.87;3600.11;713.0;0
random_n60_k3_pos30_neg5_err5_5.g;8.0;2.0;0.75;3600.01;2710.0;0
random_n60_k3_pos30_neg5_err10_1.g;21.0;1.0;0.95;3600.01;1187.0;0
random_n60_k3_pos30_neg5_err10_2.g;20.0;1.0;0.95;3600.01;874.0;0
random_n60_k3_pos30_neg5_err10_3.g;20.0;1.0;0.95;3600.01;1132.0;0
random_n60_k3_pos30_neg5_err10_4.g;28.0;0.0;1.0;3600.01;593.0;0
random_n60_k3_pos30_neg5_err10_5.g;19.0;2.0;0.89;3600.02;672.0;0
random_n60_k3_pos30_neg5_err20_1.g;42.0;1.0;0.98;3600.04;634.0;0
random_n60_k3_pos30_neg5_err20_2.g;38.0;1.0;0.97;3600.01;662.0;0
random_n60_k3_pos30_neg5_err20_3.g;38.0;2.0;0.95;3600.02;703.0;0
random_n60_k3_pos30_neg5_err20_4.g;55.0;0.0;1.0;3600.01;324.0;0
random_n60_k3_pos30_neg5_err20_5.g;39.0;1.0;0.97;3600.02;655.0;0
random_n60_k4_pos30_neg5_err5_1.g;9.0;2.0;0.78;3600.01;2017.0;0
random_n60_k4_pos30_neg5_err5_2.g;7.0;3.0;0.57;3600.06;8407.0;0
random_n60_k4_pos30_neg5_err5_3.g;9.0;2.0;0.78;3600.01;1567.0;0
random_n60_k4_pos30_neg5_err5_4.g;16.0;2.0;0.88;3600.01;1676.0;0
random_n60_k4_pos30_neg5_err5_5.g;13.0;2.0;0.85;3600.01;2408.0;0
random_n60_k4_pos30_neg5_err10_1.g;17.0;2.0;0.88;3600.01;1540.0;0
random_n60_k4_pos30_neg5_err10_2.g;13.0;2.0;0.85;3600.02;1850.0;0
random_n60_k4_pos30_neg5_err10_3.g;19.0;2.0;0.89;3600.01;1373.0;0
random_n60_k4_pos30_neg5_err10_4.g;20.0;1.0;0.95;3600.04;1087.0;0
random_n60_k4_pos30_neg5_err10_5.g;18.0;1.0;0.94;3600.01;895.0;0
random_n60_k4_pos30_neg5_err20_1.g;28.0;2.0;0.93;3600.05;933.0;0
random_n60_k4_pos30_neg5_err20_2.g;30.0;2.0;0.93;3600.01;1124.0;0
random_n60_k4_pos30_neg5_err20_3.g;32.0;2.0;0.94;3600.01;1012.0;0
random_n60_k4_pos30_neg5_err20_4.g;30.0;2.0;0.93;3600.06;1011.0;0
random_n60_k4_pos30_neg5_err20_5.g;34.0;2.0;0.94;3600.01;885.0;0
random_n60_k5_pos30_neg5_err5_1.g;11.0;5.0;0.55;3600.01;14725.0;0
random_n60_k5_pos30_neg5_err5_2.g;4.0;4.0;0.0;420.37;4912.0;1
random_n60_k5_pos30_neg5_err5_3.g;10.0;2.0;0.8;3600.05;4388.0;0
random_n60_k5_pos30_neg5_err5_4.g;10.0;2.0;0.8;3600.01;5208.0;0
random_n60_k5_pos30_neg5_err5_5.g;6.0;2.0;0.67;3600.01;4863.0;0
random_n60_k5_pos30_neg5_err10_1.g;18.0;2.0;0.89;3600.01;4926.0;0
random_n60_k5_pos30_neg5_err10_2.g;12.0;2.0;0.83;3600.01;2145.0;0
random_n60_k5_pos30_neg5_err10_3.g;18.0;2.0;0.89;3600.06;3842.0;0
random_n60_k5_pos30_neg5_err10_4.g;14.0;2.0;0.86;3600.0;3707.0;0
random_n60_k5_pos30_neg5_err10_5.g;15.0;2.0;0.87;3600.03;1694.0;0
random_n60_k5_pos30_neg5_err20_1.g;24.0;2.0;0.92;3600.0;2025.0;0
random_n60_k5_pos30_neg5_err20_2.g;23.0;2.0;0.91;3600.07;1362.0;0
random_n60_k5_pos30_neg5_err20_3.g;22.0;2.0;0.91;3600.0;3207.0;0
random_n60_k5_pos30_neg5_err20_4.g;26.0;2.0;0.92;3600.03;1604.0;0
random_n60_k5_pos30_neg5_err20_5.g;27.0;2.0;0.93;3600.04;1164.0;0
