random_n60_k2_pos30_neg5_err5_1.g;23.0;0.0;1.0;3600.01;97.0;0
random_n60_k2_pos30_neg5_err5_2.g;11.0;2.0;0.82;3600.02;697.0;0
random_n60_k2_pos30_neg5_err5_3.g;9.0;1.0;0.89;3600.02;674.0;0
random_n60_k2_pos30_neg5_err5_4.g;13.0;0.0;1.0;3600.05;679.0;0
random_n60_k2_pos30_neg5_err5_5.g;13.0;0.0;1.0;3600.02;613.0;0
random_n60_k2_pos30_neg5_err10_1.g;38.0;0.0;1.0;3600.02;102.0;0
random_n60_k2_pos30_neg5_err10_2.g;24.0;0.0;1.0;3600.02;342.0;0
random_n60_k2_pos30_neg5_err10_3.g;80.0;0.0;1.0;3600.01;107.0;0
random_n60_k2_pos30_neg5_err10_4.g;35.0;0.0;1.0;3600.03;151.0;0
random_n60_k2_pos30_neg5_err10_5.g;25.0;0.0;1.0;3600.02;100.0;0
random_n60_k2_pos30_neg5_err20_1.g;65.0;0.0;1.0;3600.01;153.0;0
random_n60_k2_pos30_neg5_err20_2.g;71.0;0.0;1.0;3600.02;119.0;0
random_n60_k2_pos30_neg5_err20_3.g;93.0;0.0;1.0;3600.01;81.0;0
random_n60_k2_pos30_neg5_err20_4.g;73.0;0.0;1.0;3600.02;85.0;0
random_n60_k2_pos30_neg5_err20_5.g;54.0;0.0;1.0;3600.01;134.0;0
random_n60_k3_pos30_neg5_err5_1.g;13.0;2.0;0.85;3600.05;1939.0;0
random_n60_k3_pos30_neg5_err5_2.g;9.0;2.0;0.78;3600.08;996.0;0
random_n60_k3_pos30_neg5_err5_3.g;14.0;2.0;0.86;3600.01;1144.0;0
random_n60_k3_pos30_neg5_err5_4.g;15.0;0.0;1.0;3600.01;308.0;0
random_n60_k3_pos30_neg5_err5_5.g;8.0;2.0;0.75;3600.07;1536.0;0
random_n60_k3_pos30_neg5_err10_1.g;21.0;0.0;1.0;3600.08;576.0;0
random_n60_k3_pos30_neg5_err10_2.g;20.0;1.0;0.95;3600.02;663.0;0
random_n60_k3_pos30_neg5_err10_3.g;20.0;1.0;0.95;3600.01;644.0;0
random_n60_k3_pos30_neg5_err10_4.g;34.0;0.0;1.0;3600.01;391.0;0
random_n60_k3_pos30_neg5_err10_5.g;19.0;0.0;1.0;3600.06;541.0;0
random_n60_k3_pos30_neg5_err20_1.g;44.0;0.0;1.0;3600.01;443.0;0
random_n60_k3_pos30_neg5_err20_2.g;35.0;0.0;1.0;3600.01;417.0;0
random_n60_k3_pos30_neg5_err20_3.g;44.0;0.0;1.0;3600.01;555.0;0
random_n60_k3_pos30_neg5_err20_4.g;51.0;0.0;1.0;3600.01;288.0;0
random_n60_k3_pos30_neg5_err20_5.g;42.0;0.0;1.0;3600.12;563.0;0
random_n60_k4_pos30_neg5_err5_1.g;9.0;2.0;0.78;3600.04;1396.0;0
random_n60_k4_pos30_neg5_err5_2.g;7.0;2.0;0.71;3600.03;3135.0;0
random_n60_k4_pos30_neg5_err5_3.g;9.0;2.0;0.78;3600.01;1001.0;0
random_n60_k4_pos30_neg5_err5_4.g;16.0;2.0;0.88;3600.04;1630.0;0
random_n60_k4_pos30_neg5_err5_5.g;13.0;2.0;0.85;3600.04;1195.0;0
random_n60_k4_pos30_neg5_err10_1.g;17.0;1.0;0.94;3600.02;1032.0;0
random_n60_k4_pos30_neg5_err10_2.g;13.0;2.0;0.85;3600.05;1142.0;0
random_n60_k4_pos30_neg5_err10_3.g;19.0;2.0;0.89;3600.03;836.0;0
random_n60_k4_pos30_neg5_err10_4.g;20.0;1.0;0.95;3600.01;775.0;0
random_n60_k4_pos30_neg5_err10_5.g;18.0;2.0;0.89;3600.06;681.0;0
random_n60_k4_pos30_neg5_err20_1.g;29.0;0.0;1.0;3600.04;637.0;0
random_n60_k4_pos30_neg5_err20_2.g;30.0;2.0;0.93;3600.04;854.0;0
random_n60_k4_pos30_neg5_err20_3.g;34.0;2.0;0.94;3600.01;882.0;0
random_n60_k4_pos30_neg5_err20_4.g;35.0;2.0;0.94;3600.05;904.0;0
random_n60_k4_pos30_neg5_err20_5.g;35.0;2.0;0.94;3600.05;665.0;0
random_n60_k5_pos30_neg5_err5_1.g;11.0;5.0;0.55;3600.03;10085.0;0
random_n60_k5_pos30_neg5_err5_2.g;4.0;4.0;0.0;491.74;5329.0;1
random_n60_k5_pos30_neg5_err5_3.g;10.0;2.0;0.8;3600.04;2062.0;0
random_n60_k5_pos30_neg5_err5_4.g;10.0;2.0;0.8;3600.0;3804.0;0
random_n60_k5_pos30_neg5_err5_5.g;6.0;2.0;0.67;3600.01;2030.0;0
random_n60_k5_pos30_neg5_err10_1.g;18.0;2.0;0.89;3600.01;3162.0;0
random_n60_k5_pos30_neg5_err10_2.g;12.0;2.0;0.83;3600.05;1515.0;0
random_n60_k5_pos30_neg5_err10_3.g;18.0;2.0;0.89;3600.03;2112.0;0
random_n60_k5_pos30_neg5_err10_4.g;13.0;2.0;0.85;3600.05;2091.0;0
random_n60_k5_pos30_neg5_err10_5.g;15.0;2.0;0.87;3600.01;1293.0;0
random_n60_k5_pos30_neg5_err20_1.g;24.0;2.0;0.92;3600.04;1431.0;0
random_n60_k5_pos30_neg5_err20_2.g;22.0;2.0;0.91;3600.04;935.0;0
random_n60_k5_pos30_neg5_err20_3.g;22.0;2.0;0.91;3600.01;1738.0;0
random_n60_k5_pos30_neg5_err20_4.g;27.0;2.0;0.93;3600.01;1575.0;0
random_n60_k5_pos30_neg5_err20_5.g;26.0;2.0;0.92;3600.01;998.0;0
