random_n60_k2_pos30_neg5_err5_1.g;23.0;23.0;0.0;598.28;37.0;1
random_n60_k2_pos30_neg5_err5_2.g;11.0;11.0;0.0;411.68;11.0;1
random_n60_k2_pos30_neg5_err5_3.g;9.0;9.0;0.0;337.79;3.0;1
random_n60_k2_pos30_neg5_err5_4.g;13.0;13.0;0.0;385.42;7.0;1
random_n60_k2_pos30_neg5_err5_5.g;13.0;13.0;0.0;416.31;11.0;1
random_n60_k2_pos30_neg5_err10_1.g;38.0;31.0;0.18;3600.44;820.0;0
random_n60_k2_pos30_neg5_err10_2.g;24.0;24.0;0.0;830.93;82.0;1
random_n60_k2_pos30_neg5_err10_3.g;34.0;34.0;0.0;1253.2;48.0;1
random_n60_k2_pos30_neg5_err10_4.g;35.0;35.0;0.0;2162.81;139.0;1
random_n60_k2_pos30_neg5_err10_5.g;25.0;25.0;0.0;1322.15;93.0;1
random_n60_k2_pos30_neg5_err20_1.g;75.0;17.0;0.77;3600.53;454.0;0
random_n60_k2_pos30_neg5_err20_2.g;55.0;29.0;0.47;3600.02;411.0;0
random_n60_k2_pos30_neg5_err20_3.g;63.0;24.0;0.62;3600.02;298.0;0
random_n60_k2_pos30_neg5_err20_4.g;70.0;21.0;0.7;3600.17;278.0;0
random_n60_k2_pos30_neg5_err20_5.g;54.0;23.0;0.57;3600.48;330.0;0
random_n60_k3_pos30_neg5_err5_1.g;13.0;13.0;0.0;184.57;13.0;1
random_n60_k3_pos30_neg5_err5_2.g;9.0;9.0;0.0;364.3;11.0;1
random_n60_k3_pos30_neg5_err5_3.g;14.0;14.0;0.0;323.94;72.0;1
random_n60_k3_pos30_neg5_err5_4.g;15.0;15.0;0.0;559.47;41.0;1
random_n60_k3_pos30_neg5_err5_5.g;8.0;8.0;0.0;202.49;13.0;1
random_n60_k3_pos30_neg5_err10_1.g;21.0;21.0;0.0;673.71;117.0;1
random_n60_k3_pos30_neg5_err10_2.g;20.0;20.0;0.0;2183.44;468.0;1
random_n60_k3_pos30_neg5_err10_3.g;20.0;20.0;0.0;1677.7;1092.0;1
random_n60_k3_pos30_neg5_err10_4.g;28.0;28.0;0.0;1963.1;443.0;1
random_n60_k3_pos30_neg5_err10_5.g;19.0;19.0;0.0;874.08;318.0;1
random_n60_k3_pos30_neg5_err20_1.g;44.0;17.0;0.61;3600.01;685.0;0
random_n60_k3_pos30_neg5_err20_2.g;35.0;20.0;0.43;3600.02;918.0;0
random_n60_k3_pos30_neg5_err20_3.g;38.0;15.0;0.61;3600.9;813.0;0
random_n60_k3_pos30_neg5_err20_4.g;50.0;16.0;0.68;3600.02;491.0;0
random_n60_k3_pos30_neg5_err20_5.g;37.0;14.0;0.62;3600.01;945.0;0
random_n60_k4_pos30_neg5_err5_1.g;9.0;9.0;0.0;138.63;35.0;1
random_n60_k4_pos30_neg5_err5_2.g;7.0;7.0;0.0;229.06;51.0;1
random_n60_k4_pos30_neg5_err5_3.g;9.0;9.0;0.0;171.88;11.0;1
random_n60_k4_pos30_neg5_err5_4.g;16.0;16.0;0.0;572.01;190.0;1
random_n60_k4_pos30_neg5_err5_5.g;13.0;13.0;0.0;481.83;148.0;1
random_n60_k4_pos30_neg5_err10_1.g;17.0;17.0;0.0;997.89;1240.0;1
random_n60_k4_pos30_neg5_err10_2.g;13.0;13.0;0.0;196.7;52.0;1
random_n60_k4_pos30_neg5_err10_3.g;19.0;19.0;0.0;1023.09;277.0;1
random_n60_k4_pos30_neg5_err10_4.g;20.0;20.0;0.0;2644.71;1871.0;1
random_n60_k4_pos30_neg5_err10_5.g;18.0;18.0;0.0;676.93;135.0;1
random_n60_k4_pos30_neg5_err20_1.g;28.0;18.0;0.36;3600.01;1230.0;0
random_n60_k4_pos30_neg5_err20_2.g;29.0;18.0;0.38;3600.04;1331.0;0
random_n60_k4_pos30_neg5_err20_3.g;32.0;13.0;0.59;3600.04;1246.0;0
random_n60_k4_pos30_neg5_err20_4.g;33.0;16.0;0.52;3600.02;917.0;0
random_n60_k4_pos30_neg5_err20_5.g;32.0;15.0;0.53;3601.13;857.0;0
random_n60_k5_pos30_neg5_err5_1.g;11.0;11.0;0.0;240.54;945.0;1
random_n60_k5_pos30_neg5_err5_2.g;4.0;4.0;0.0;32.3;7.0;1
random_n60_k5_pos30_neg5_err5_3.g;10.0;10.0;0.0;154.32;38.0;1
random_n60_k5_pos30_neg5_err5_4.g;10.0;10.0;0.0;130.88;21.0;1
random_n60_k5_pos30_neg5_err5_5.g;6.0;6.0;0.0;116.99;13.0;1
random_n60_k5_pos30_neg5_err10_1.g;18.0;10.0;0.44;3600.01;8314.0;0
random_n60_k5_pos30_neg5_err10_2.g;12.0;12.0;0.0;340.78;139.0;1
random_n60_k5_pos30_neg5_err10_3.g;18.0;18.0;0.0;2501.46;14409.0;1
random_n60_k5_pos30_neg5_err10_4.g;13.0;13.0;0.0;538.67;951.0;1
random_n60_k5_pos30_neg5_err10_5.g;15.0;15.0;0.0;2120.79;1282.0;1
random_n60_k5_pos30_neg5_err20_1.g;23.0;12.0;0.48;3600.01;2764.0;0
random_n60_k5_pos30_neg5_err20_2.g;22.0;11.0;0.5;3600.01;1039.0;0
random_n60_k5_pos30_neg5_err20_3.g;22.0;16.0;0.27;3600.66;1568.0;0
random_n60_k5_pos30_neg5_err20_4.g;26.0;12.0;0.54;3600.01;3673.0;0
random_n60_k5_pos30_neg5_err20_5.g;26.0;13.0;0.5;3600.04;1231.0;0
