random_n60_k2_pos30_neg5_err5_1.g;23.0;23.0;0.0;22.6;76.0;1
random_n60_k2_pos30_neg5_err5_2.g;11.0;11.0;0.0;12.08;3.0;1
random_n60_k2_pos30_neg5_err5_3.g;9.0;9.0;0.0;3.91;3.0;1
random_n60_k2_pos30_neg5_err5_4.g;13.0;13.0;0.0;17.05;3.0;1
random_n60_k2_pos30_neg5_err5_5.g;13.0;13.0;0.0;17.11;9.0;1
random_n60_k2_pos30_neg5_err10_1.g;38.0;38.0;0.0;191.49;763.0;1
random_n60_k2_pos30_neg5_err10_2.g;24.0;24.0;0.0;48.95;64.0;1
random_n60_k2_pos30_neg5_err10_3.g;34.0;34.0;0.0;53.32;72.0;1
random_n60_k2_pos30_neg5_err10_4.g;35.0;35.0;0.0;52.36;92.0;1
random_n60_k2_pos30_neg5_err10_5.g;25.0;25.0;0.0;20.52;17.0;1
random_n60_k2_pos30_neg5_err20_1.g;61.0;43.0;0.3;3600.0;8866.0;0
random_n60_k2_pos30_neg5_err20_2.g;53.0;53.0;0.0;3209.03;8719.0;1
random_n60_k2_pos30_neg5_err20_3.g;63.0;63.0;0.0;3115.87;6042.0;1
random_n60_k2_pos30_neg5_err20_4.g;67.0;42.0;0.37;3600.0;7503.0;0
random_n60_k2_pos30_neg5_err20_5.g;54.0;48.0;0.11;3600.0;9855.0;0
