random_n60_k3_pos30_neg5_err5_1.g;13.0;13.0;0.0;2.59;9.0;1
random_n60_k3_pos30_neg5_err5_2.g;9.0;9.0;0.0;2.85;11.0;1
random_n60_k3_pos30_neg5_err5_3.g;14.0;14.0;0.0;5.53;63.0;1
random_n60_k3_pos30_neg5_err5_4.g;15.0;15.0;0.0;18.2;31.0;1
random_n60_k3_pos30_neg5_err5_5.g;8.0;8.0;0.0;0.93;5.0;1
random_n60_k3_pos30_neg5_err10_1.g;21.0;21.0;0.0;6.05;94.0;1
random_n60_k3_pos30_neg5_err10_2.g;20.0;20.0;0.0;6.9;50.0;1
random_n60_k3_pos30_neg5_err10_3.g;20.0;20.0;0.0;7.62;191.0;1
random_n60_k3_pos30_neg5_err10_4.g;28.0;28.0;0.0;143.57;1013.0;1
random_n60_k3_pos30_neg5_err10_5.g;19.0;19.0;0.0;5.52;84.0;1
random_n60_k3_pos30_neg5_err20_1.g;41.0;41.0;0.0;1955.7;16554.0;1
random_n60_k3_pos30_neg5_err20_2.g;35.0;35.0;0.0;1409.68;14703.0;1
random_n60_k3_pos30_neg5_err20_3.g;37.0;37.0;0.0;1680.75;18115.0;1
random_n60_k3_pos30_neg5_err20_4.g;49.0;35.0;0.29;3600.0;12791.0;0
random_n60_k3_pos30_neg5_err20_5.g;37.0;37.0;0.0;1524.1;15231.0;1
