random_n60_k2_pos30_neg5_err5_1.g;23.0;3.0;0.87;3600.0;4085.0;0
random_n60_k2_pos30_neg5_err5_2.g;11.0;4.0;0.64;3600.0;4220.0;0
random_n60_k2_pos30_neg5_err5_3.g;9.0;3.0;0.67;3600.0;3293.0;0
random_n60_k2_pos30_neg5_err5_4.g;13.0;3.0;0.77;3600.0;3422.0;0
random_n60_k2_pos30_neg5_err5_5.g;13.0;3.0;0.77;3600.0;4572.0;0
random_n60_k2_pos30_neg5_err10_1.g;38.0;3.0;0.92;3600.0;5171.0;0
random_n60_k2_pos30_neg5_err10_2.g;24.0;4.0;0.83;3600.0;6253.0;0
random_n60_k2_pos30_neg5_err10_3.g;34.0;3.0;0.91;3600.0;2779.0;0
random_n60_k2_pos30_neg5_err10_4.g;35.0;3.0;0.91;3600.0;3100.0;0
random_n60_k2_pos30_neg5_err10_5.g;25.0;2.0;0.92;3600.0;2634.0;0
random_n60_k2_pos30_neg5_err20_1.g;61.0;2.0;0.97;3600.0;3992.0;0
random_n60_k2_pos30_neg5_err20_2.g;53.0;3.0;0.94;3600.0;4991.0;0
random_n60_k2_pos30_neg5_err20_3.g;63.0;3.0;0.95;3600.0;2432.0;0
random_n60_k2_pos30_neg5_err20_4.g;67.0;3.0;0.96;3600.0;2793.0;0
random_n60_k2_pos30_neg5_err20_5.g;54.0;2.0;0.96;3600.0;2801.0;0
random_n60_k3_pos30_neg5_err5_1.g;13.0;3.0;0.77;3600.0;62459.0;0
random_n60_k3_pos30_neg5_err5_2.g;9.0;5.0;0.44;3600.0;49405.0;0
random_n60_k3_pos30_neg5_err5_3.g;14.0;4.0;0.71;3600.0;29428.0;0
random_n60_k3_pos30_neg5_err5_4.g;15.0;3.0;0.8;3600.0;6745.0;0
random_n60_k3_pos30_neg5_err5_5.g;8.0;6.0;0.25;3600.0;33217.0;0
random_n60_k3_pos30_neg5_err10_1.g;21.0;3.0;0.86;3600.0;13013.0;0
random_n60_k3_pos30_neg5_err10_2.g;20.0;3.0;0.85;3600.0;12979.0;0
random_n60_k3_pos30_neg5_err10_3.g;20.0;4.0;0.8;3600.0;20841.0;0
random_n60_k3_pos30_neg5_err10_4.g;28.0;3.0;0.89;3600.0;7799.0;0
random_n60_k3_pos30_neg5_err10_5.g;19.0;4.0;0.79;3600.0;14779.0;0
random_n60_k3_pos30_neg5_err20_1.g;41.0;4.0;0.9;3600.0;15254.0;0
random_n60_k3_pos30_neg5_err20_2.g;35.0;2.0;0.94;3600.0;10164.0;0
random_n60_k3_pos30_neg5_err20_3.g;37.0;3.0;0.92;3600.0;14034.0;0
random_n60_k3_pos30_neg5_err20_4.g;49.0;2.0;0.96;3600.0;6844.0;0
random_n60_k3_pos30_neg5_err20_5.g;37.0;3.0;0.92;3600.0;11023.0;0
random_n60_k4_pos30_neg5_err5_1.g;9.0;5.0;0.44;3600.0;32802.0;0
random_n60_k4_pos30_neg5_err5_2.g;7.0;7.0;0.0;3292.94;130909.0;1
random_n60_k4_pos30_neg5_err5_3.g;9.0;5.0;0.44;3600.0;33031.0;0
random_n60_k4_pos30_neg5_err5_4.g;16.0;4.0;0.75;3600.0;36670.0;0
random_n60_k4_pos30_neg5_err5_5.g;13.0;5.0;0.62;3600.0;88730.0;0
random_n60_k4_pos30_neg5_err10_1.g;17.0;5.0;0.71;3600.0;47149.0;0
random_n60_k4_pos30_neg5_err10_2.g;13.0;6.0;0.54;3600.0;94777.0;0
random_n60_k4_pos30_neg5_err10_3.g;19.0;3.0;0.84;3600.0;16408.0;0
random_n60_k4_pos30_neg5_err10_4.g;20.0;4.0;0.8;3600.0;18171.0;0
random_n60_k4_pos30_neg5_err10_5.g;18.0;5.0;0.72;3600.0;20194.0;0
random_n60_k4_pos30_neg5_err20_1.g;28.0;3.0;0.89;3600.0;18394.0;0
random_n60_k4_pos30_neg5_err20_2.g;29.0;3.0;0.9;3600.0;17061.0;0
random_n60_k4_pos30_neg5_err20_3.g;33.0;3.0;0.91;3600.0;16874.0;0
random_n60_k4_pos30_neg5_err20_4.g;31.0;3.0;0.9;3600.0;16286.0;0
random_n60_k4_pos30_neg5_err20_5.g;32.0;5.0;0.84;3600.0;19040.0;0
random_n60_k5_pos30_neg5_err5_1.g;11.0;6.0;0.45;3600.0;173485.0;0
random_n60_k5_pos30_neg5_err5_2.g;4.0;4.0;0.0;93.28;11213.0;1
random_n60_k5_pos30_neg5_err5_3.g;10.0;5.0;0.5;3600.0;73544.0;0
random_n60_k5_pos30_neg5_err5_4.g;10.0;5.0;0.5;3600.0;79858.0;0
random_n60_k5_pos30_neg5_err5_5.g;6.0;6.0;0.0;1723.12;45769.0;1
random_n60_k5_pos30_neg5_err10_1.g;18.0;4.0;0.78;3600.0;111012.0;0
random_n60_k5_pos30_neg5_err10_2.g;12.0;6.0;0.5;3600.0;37859.0;0
random_n60_k5_pos30_neg5_err10_3.g;18.0;4.0;0.78;3600.0;35852.0;0
random_n60_k5_pos30_neg5_err10_4.g;13.0;5.0;0.62;3600.0;72322.0;0
random_n60_k5_pos30_neg5_err10_5.g;15.0;5.0;0.67;3600.0;48854.0;0
random_n60_k5_pos30_neg5_err20_1.g;23.0;4.0;0.83;3600.0;58589.0;0
random_n60_k5_pos30_neg5_err20_2.g;22.0;4.0;0.82;3600.0;26375.0;0
random_n60_k5_pos30_neg5_err20_3.g;22.0;4.0;0.82;3600.0;31778.0;0
random_n60_k5_pos30_neg5_err20_4.g;26.0;4.0;0.85;3600.0;41100.0;0
random_n60_k5_pos30_neg5_err20_5.g;26.0;4.0;0.85;3600.0;16679.0;0
