random_n60_k5_pos30_neg5_err5_1.g;11.0;6.0;0.45;3600.0;173485.0;0
random_n60_k5_pos30_neg5_err5_2.g;4.0;4.0;0.0;93.28;11213.0;1
random_n60_k5_pos30_neg5_err5_3.g;10.0;5.0;0.5;3600.0;73544.0;0
random_n60_k5_pos30_neg5_err5_4.g;10.0;5.0;0.5;3600.0;79858.0;0
random_n60_k5_pos30_neg5_err5_5.g;6.0;6.0;0.0;1723.12;45769.0;1
random_n60_k5_pos30_neg5_err10_1.g;18.0;4.0;0.78;3600.0;111012.0;0
random_n60_k5_pos30_neg5_err10_2.g;12.0;6.0;0.5;3600.0;37859.0;0
random_n60_k5_pos30_neg5_err10_3.g;18.0;4.0;0.78;3600.0;35852.0;0
random_n60_k5_pos30_neg5_err10_4.g;13.0;5.0;0.62;3600.0;72322.0;0
random_n60_k5_pos30_neg5_err10_5.g;15.0;5.0;0.67;3600.0;48854.0;0
random_n60_k5_pos30_neg5_err20_1.g;23.0;4.0;0.83;3600.0;58589.0;0
random_n60_k5_pos30_neg5_err20_2.g;22.0;4.0;0.82;3600.0;26375.0;0
random_n60_k5_pos30_neg5_err20_3.g;22.0;4.0;0.82;3600.0;31778.0;0
random_n60_k5_pos30_neg5_err20_4.g;26.0;4.0;0.85;3600.0;41100.0;0
random_n60_k5_pos30_neg5_err20_5.g;26.0;4.0;0.85;3600.0;16679.0;0
