random_n60_k2_pos30_neg5_err5_1.g;23.0;3.0;0.87;3600.0;4085.0;0
random_n60_k2_pos30_neg5_err5_2.g;11.0;4.0;0.64;3600.0;4220.0;0
random_n60_k2_pos30_neg5_err5_3.g;9.0;3.0;0.67;3600.0;3293.0;0
random_n60_k2_pos30_neg5_err5_4.g;13.0;3.0;0.77;3600.0;3422.0;0
random_n60_k2_pos30_neg5_err5_5.g;13.0;3.0;0.77;3600.0;4572.0;0
random_n60_k2_pos30_neg5_err10_1.g;38.0;3.0;0.92;3600.0;5171.0;0
random_n60_k2_pos30_neg5_err10_2.g;24.0;4.0;0.83;3600.0;6253.0;0
random_n60_k2_pos30_neg5_err10_3.g;34.0;3.0;0.91;3600.0;2779.0;0
random_n60_k2_pos30_neg5_err10_4.g;35.0;3.0;0.91;3600.0;3100.0;0
random_n60_k2_pos30_neg5_err10_5.g;25.0;2.0;0.92;3600.0;2634.0;0
random_n60_k2_pos30_neg5_err20_1.g;61.0;2.0;0.97;3600.0;3992.0;0
random_n60_k2_pos30_neg5_err20_2.g;53.0;3.0;0.94;3600.0;4991.0;0
random_n60_k2_pos30_neg5_err20_3.g;63.0;3.0;0.95;3600.0;2432.0;0
random_n60_k2_pos30_neg5_err20_4.g;67.0;3.0;0.96;3600.0;2793.0;0
random_n60_k2_pos30_neg5_err20_5.g;54.0;2.0;0.96;3600.0;2801.0;0
