random_n60_k4_pos30_neg5_err5_1.g;9.0;5.0;0.44;3600.0;32802.0;0
random_n60_k4_pos30_neg5_err5_2.g;7.0;7.0;0.0;3292.94;130909.0;1
random_n60_k4_pos30_neg5_err5_3.g;9.0;5.0;0.44;3600.0;33031.0;0
random_n60_k4_pos30_neg5_err5_4.g;16.0;4.0;0.75;3600.0;36670.0;0
random_n60_k4_pos30_neg5_err5_5.g;13.0;5.0;0.62;3600.0;88730.0;0
random_n60_k4_pos30_neg5_err10_1.g;17.0;5.0;0.71;3600.0;47149.0;0
random_n60_k4_pos30_neg5_err10_2.g;13.0;6.0;0.54;3600.0;94777.0;0
random_n60_k4_pos30_neg5_err10_3.g;19.0;3.0;0.84;3600.0;16408.0;0
random_n60_k4_pos30_neg5_err10_4.g;20.0;4.0;0.8;3600.0;18171.0;0
random_n60_k4_pos30_neg5_err10_5.g;18.0;5.0;0.72;3600.0;20194.0;0
random_n60_k4_pos30_neg5_err20_1.g;28.0;3.0;0.89;3600.0;18394.0;0
random_n60_k4_pos30_neg5_err20_2.g;29.0;3.0;0.9;3600.0;17061.0;0
random_n60_k4_pos30_neg5_err20_3.g;33.0;3.0;0.91;3600.0;16874.0;0
random_n60_k4_pos30_neg5_err20_4.g;31.0;3.0;0.9;3600.0;16286.0;0
random_n60_k4_pos30_neg5_err20_5.g;32.0;5.0;0.84;3600.0;19040.0;0
