random_n60_k4_pos30_neg5_err5_1.g;9.0;9.0;0.0;1.09;32.0;1
random_n60_k4_pos30_neg5_err5_2.g;7.0;7.0;0.0;1.19;7.0;1
random_n60_k4_pos30_neg5_err5_3.g;9.0;9.0;0.0;1.22;7.0;1
random_n60_k4_pos30_neg5_err5_4.g;16.0;16.0;0.0;3.54;136.0;1
random_n60_k4_pos30_neg5_err5_5.g;13.0;13.0;0.0;1.99;36.0;1
random_n60_k4_pos30_neg5_err10_1.g;17.0;17.0;0.0;3.32;159.0;1
random_n60_k4_pos30_neg5_err10_2.g;13.0;13.0;0.0;2.17;27.0;1
random_n60_k4_pos30_neg5_err10_3.g;19.0;19.0;0.0;7.95;253.0;1
random_n60_k4_pos30_neg5_err10_4.g;20.0;20.0;0.0;3.99;123.0;1
random_n60_k4_pos30_neg5_err10_5.g;18.0;18.0;0.0;3.29;108.0;1
random_n60_k4_pos30_neg5_err20_1.g;28.0;28.0;0.0;433.73;11911.0;1
random_n60_k4_pos30_neg5_err20_2.g;29.0;29.0;0.0;490.37;18293.0;1
random_n60_k4_pos30_neg5_err20_3.g;32.0;32.0;0.0;1110.89;32811.0;1
random_n60_k4_pos30_neg5_err20_4.g;30.0;30.0;0.0;1244.75;29040.0;1
random_n60_k4_pos30_neg5_err20_5.g;32.0;32.0;0.0;1106.17;24807.0;1
