random_n60_k5_pos30_neg5_err5_1.g;11.0;11.0;0.0;2.22;121.0;1
random_n60_k5_pos30_neg5_err5_2.g;4.0;4.0;0.0;1.13;7.0;1
random_n60_k5_pos30_neg5_err5_3.g;10.0;10.0;0.0;1.64;29.0;1
random_n60_k5_pos30_neg5_err5_4.g;10.0;10.0;0.0;1.45;21.0;1
random_n60_k5_pos30_neg5_err5_5.g;6.0;6.0;0.0;1.63;14.0;1
random_n60_k5_pos30_neg5_err10_1.g;18.0;18.0;0.0;25.76;1564.0;1
random_n60_k5_pos30_neg5_err10_2.g;12.0;12.0;0.0;2.15;77.0;1
random_n60_k5_pos30_neg5_err10_3.g;18.0;18.0;0.0;23.38;2331.0;1
random_n60_k5_pos30_neg5_err10_4.g;13.0;13.0;0.0;2.36;77.0;1
random_n60_k5_pos30_neg5_err10_5.g;15.0;15.0;0.0;4.08;175.0;1
random_n60_k5_pos30_neg5_err20_1.g;23.0;23.0;0.0;197.02;12337.0;1
random_n60_k5_pos30_neg5_err20_2.g;22.0;22.0;0.0;136.73;4677.0;1
random_n60_k5_pos30_neg5_err20_3.g;22.0;22.0;0.0;228.09;15647.0;1
random_n60_k5_pos30_neg5_err20_4.g;26.0;26.0;0.0;914.65;37768.0;1
random_n60_k5_pos30_neg5_err20_5.g;26.0;26.0;0.0;467.83;16214.0;1
