random_n60_k4_pos30_neg5_err5_1.g;9.0;4.0;0.56;3600.0;20247.0;0
random_n60_k4_pos30_neg5_err5_2.g;7.0;4.0;0.43;3600.0;269144.0;0
random_n60_k4_pos30_neg5_err5_3.g;9.0;4.0;0.56;3600.0;31434.0;0
random_n60_k4_pos30_neg5_err5_4.g;16.0;3.0;0.81;3600.0;20142.0;0
random_n60_k4_pos30_neg5_err5_5.g;13.0;5.0;0.62;3600.0;55818.0;0
random_n60_k4_pos30_neg5_err10_1.g;17.0;4.0;0.76;3600.0;33325.0;0
random_n60_k4_pos30_neg5_err10_2.g;13.0;5.0;0.62;3600.0;52798.0;0
random_n60_k4_pos30_neg5_err10_3.g;19.0;3.0;0.84;3600.0;9629.0;0
random_n60_k4_pos30_neg5_err10_4.g;20.0;3.0;0.85;3600.0;13897.0;0
random_n60_k4_pos30_neg5_err10_5.g;18.0;4.0;0.78;3600.0;12796.0;0
random_n60_k4_pos30_neg5_err20_1.g;28.0;3.0;0.89;3600.0;11008.0;0
random_n60_k4_pos30_neg5_err20_2.g;29.0;3.0;0.9;3600.0;20504.0;0
random_n60_k4_pos30_neg5_err20_3.g;32.0;3.0;0.91;3600.0;14054.0;0
random_n60_k4_pos30_neg5_err20_4.g;30.0;3.0;0.9;3600.0;13995.0;0
random_n60_k4_pos30_neg5_err20_5.g;32.0;4.0;0.88;3600.0;11348.0;0
