random_n60_k4_pos30_neg5_err5_1.g;9.0;9.0;0.0;1.67;27.0;1
random_n60_k4_pos30_neg5_err5_2.g;7.0;7.0;0.0;3.22;7.0;1
random_n60_k4_pos30_neg5_err5_3.g;9.0;9.0;0.0;4.45;7.0;1
random_n60_k4_pos30_neg5_err5_4.g;16.0;16.0;0.0;6.16;172.0;1
random_n60_k4_pos30_neg5_err5_5.g;13.0;13.0;0.0;2.79;58.0;1
random_n60_k4_pos30_neg5_err10_1.g;17.0;17.0;0.0;4.46;70.0;1
random_n60_k4_pos30_neg5_err10_2.g;13.0;13.0;0.0;2.2;31.0;1
random_n60_k4_pos30_neg5_err10_3.g;19.0;19.0;0.0;12.97;194.0;1
random_n60_k4_pos30_neg5_err10_4.g;20.0;20.0;0.0;6.8;118.0;1
random_n60_k4_pos30_neg5_err10_5.g;18.0;18.0;0.0;9.77;99.0;1
random_n60_k4_pos30_neg5_err20_1.g;28.0;28.0;0.0;506.02;8846.0;1
random_n60_k4_pos30_neg5_err20_2.g;29.0;29.0;0.0;379.6;5194.0;1
random_n60_k4_pos30_neg5_err20_3.g;32.0;32.0;0.0;605.24;15411.0;1
random_n60_k4_pos30_neg5_err20_4.g;30.0;30.0;0.0;871.41;13438.0;1
random_n60_k4_pos30_neg5_err20_5.g;32.0;32.0;0.0;1254.02;18226.0;1
