random_n60_k2_pos30_neg5_err5_1.g;23.0;3.0;0.87;3600.0;3431.0;0
random_n60_k2_pos30_neg5_err5_2.g;11.0;3.0;0.73;3600.0;3328.0;0
random_n60_k2_pos30_neg5_err5_3.g;9.0;4.0;0.56;3600.0;3039.0;0
random_n60_k2_pos30_neg5_err5_4.g;13.0;3.0;0.77;3600.0;2321.0;0
random_n60_k2_pos30_neg5_err5_5.g;13.0;2.0;0.85;3600.0;2795.0;0
random_n60_k2_pos30_neg5_err10_1.g;38.0;2.0;0.95;3600.0;2292.0;0
random_n60_k2_pos30_neg5_err10_2.g;24.0;4.0;0.83;3600.0;4627.0;0
random_n60_k2_pos30_neg5_err10_3.g;34.0;3.0;0.91;3600.0;2875.0;0
random_n60_k2_pos30_neg5_err10_4.g;35.0;2.0;0.94;3600.0;1777.0;0
random_n60_k2_pos30_neg5_err10_5.g;25.0;2.0;0.92;3600.0;1756.0;0
random_n60_k2_pos30_neg5_err20_1.g;61.0;2.0;0.97;3600.0;4578.0;0
random_n60_k2_pos30_neg5_err20_2.g;53.0;2.0;0.96;3600.0;2438.0;0
random_n60_k2_pos30_neg5_err20_3.g;63.0;2.0;0.97;3600.0;1645.0;0
random_n60_k2_pos30_neg5_err20_4.g;67.0;2.0;0.97;3600.0;1913.0;0
random_n60_k2_pos30_neg5_err20_5.g;54.0;2.0;0.96;3600.0;2310.0;0
