random_n60_k2_pos30_neg5_err5_1.g;23.0;23.0;0.0;11.04;81.0;1
random_n60_k2_pos30_neg5_err5_2.g;11.0;11.0;0.0;1.63;3.0;1
random_n60_k2_pos30_neg5_err5_3.g;9.0;9.0;0.0;4.58;3.0;1
random_n60_k2_pos30_neg5_err5_4.g;13.0;13.0;0.0;13.39;7.0;1
random_n60_k2_pos30_neg5_err5_5.g;13.0;13.0;0.0;5.87;9.0;1
random_n60_k2_pos30_neg5_err10_1.g;38.0;38.0;0.0;35.94;468.0;1
random_n60_k2_pos30_neg5_err10_2.g;24.0;24.0;0.0;4.89;15.0;1
random_n60_k2_pos30_neg5_err10_3.g;34.0;34.0;0.0;30.02;70.0;1
random_n60_k2_pos30_neg5_err10_4.g;35.0;35.0;0.0;23.35;134.0;1
random_n60_k2_pos30_neg5_err10_5.g;25.0;25.0;0.0;10.73;66.0;1
random_n60_k2_pos30_neg5_err20_1.g;61.0;44.0;0.28;3600.0;17707.0;0
random_n60_k2_pos30_neg5_err20_2.g;53.0;53.0;0.0;750.35;4883.0;1
random_n60_k2_pos30_neg5_err20_3.g;63.0;56.0;0.11;3600.0;15352.0;0
random_n60_k2_pos30_neg5_err20_4.g;67.0;45.0;0.33;3600.01;13787.0;0
random_n60_k2_pos30_neg5_err20_5.g;54.0;46.0;0.15;3600.0;12644.0;0
random_n60_k3_pos30_neg5_err5_1.g;13.0;13.0;0.0;0.92;7.0;1
random_n60_k3_pos30_neg5_err5_2.g;9.0;9.0;0.0;2.54;7.0;1
random_n60_k3_pos30_neg5_err5_3.g;14.0;14.0;0.0;1.71;19.0;1
random_n60_k3_pos30_neg5_err5_4.g;15.0;15.0;0.0;4.27;18.0;1
random_n60_k3_pos30_neg5_err5_5.g;8.0;8.0;0.0;1.92;5.0;1
random_n60_k3_pos30_neg5_err10_1.g;21.0;21.0;0.0;4.7;170.0;1
random_n60_k3_pos30_neg5_err10_2.g;20.0;20.0;0.0;2.08;55.0;1
random_n60_k3_pos30_neg5_err10_3.g;20.0;20.0;0.0;7.15;203.0;1
random_n60_k3_pos30_neg5_err10_4.g;28.0;28.0;0.0;24.81;416.0;1
random_n60_k3_pos30_neg5_err10_5.g;19.0;19.0;0.0;3.12;74.0;1
random_n60_k3_pos30_neg5_err20_1.g;41.0;41.0;0.0;1984.42;35689.0;1
random_n60_k3_pos30_neg5_err20_2.g;35.0;35.0;0.0;404.75;6015.0;1
random_n60_k3_pos30_neg5_err20_3.g;37.0;37.0;0.0;1149.68;25188.0;1
random_n60_k3_pos30_neg5_err20_4.g;49.0;34.0;0.31;3600.0;22806.0;0
random_n60_k3_pos30_neg5_err20_5.g;37.0;30.0;0.19;3600.0;51197.0;0
random_n60_k4_pos30_neg5_err5_1.g;9.0;9.0;0.0;1.09;32.0;1
random_n60_k4_pos30_neg5_err5_2.g;7.0;7.0;0.0;1.19;7.0;1
random_n60_k4_pos30_neg5_err5_3.g;9.0;9.0;0.0;1.22;7.0;1
random_n60_k4_pos30_neg5_err5_4.g;16.0;16.0;0.0;3.54;136.0;1
random_n60_k4_pos30_neg5_err5_5.g;13.0;13.0;0.0;1.99;36.0;1
random_n60_k4_pos30_neg5_err10_1.g;17.0;17.0;0.0;3.32;159.0;1
random_n60_k4_pos30_neg5_err10_2.g;13.0;13.0;0.0;2.17;27.0;1
random_n60_k4_pos30_neg5_err10_3.g;19.0;19.0;0.0;7.95;253.0;1
random_n60_k4_pos30_neg5_err10_4.g;20.0;20.0;0.0;3.99;123.0;1
random_n60_k4_pos30_neg5_err10_5.g;18.0;18.0;0.0;3.29;108.0;1
random_n60_k4_pos30_neg5_err20_1.g;28.0;28.0;0.0;433.73;11911.0;1
random_n60_k4_pos30_neg5_err20_2.g;29.0;29.0;0.0;490.37;18293.0;1
random_n60_k4_pos30_neg5_err20_3.g;32.0;32.0;0.0;1110.89;32811.0;1
random_n60_k4_pos30_neg5_err20_4.g;30.0;30.0;0.0;1244.75;29040.0;1
random_n60_k4_pos30_neg5_err20_5.g;32.0;32.0;0.0;1106.17;24807.0;1
random_n60_k5_pos30_neg5_err5_1.g;11.0;11.0;0.0;2.22;121.0;1
random_n60_k5_pos30_neg5_err5_2.g;4.0;4.0;0.0;1.13;7.0;1
random_n60_k5_pos30_neg5_err5_3.g;10.0;10.0;0.0;1.64;29.0;1
random_n60_k5_pos30_neg5_err5_4.g;10.0;10.0;0.0;1.45;21.0;1
random_n60_k5_pos30_neg5_err5_5.g;6.0;6.0;0.0;1.63;14.0;1
random_n60_k5_pos30_neg5_err10_1.g;18.0;18.0;0.0;25.76;1564.0;1
random_n60_k5_pos30_neg5_err10_2.g;12.0;12.0;0.0;2.15;77.0;1
random_n60_k5_pos30_neg5_err10_3.g;18.0;18.0;0.0;23.38;2331.0;1
random_n60_k5_pos30_neg5_err10_4.g;13.0;13.0;0.0;2.36;77.0;1
random_n60_k5_pos30_neg5_err10_5.g;15.0;15.0;0.0;4.08;175.0;1
random_n60_k5_pos30_neg5_err20_1.g;23.0;23.0;0.0;197.02;12337.0;1
random_n60_k5_pos30_neg5_err20_2.g;22.0;22.0;0.0;136.73;4677.0;1
random_n60_k5_pos30_neg5_err20_3.g;22.0;22.0;0.0;228.09;15647.0;1
random_n60_k5_pos30_neg5_err20_4.g;26.0;26.0;0.0;914.65;37768.0;1
random_n60_k5_pos30_neg5_err20_5.g;26.0;26.0;0.0;467.83;16214.0;1
