random_n60_k3_pos30_neg5_err5_1.g;13.0;13.0;0.0;0.92;7.0;1
random_n60_k3_pos30_neg5_err5_2.g;9.0;9.0;0.0;2.54;7.0;1
random_n60_k3_pos30_neg5_err5_3.g;14.0;14.0;0.0;1.71;19.0;1
random_n60_k3_pos30_neg5_err5_4.g;15.0;15.0;0.0;4.27;18.0;1
random_n60_k3_pos30_neg5_err5_5.g;8.0;8.0;0.0;1.92;5.0;1
random_n60_k3_pos30_neg5_err10_1.g;21.0;21.0;0.0;4.7;170.0;1
random_n60_k3_pos30_neg5_err10_2.g;20.0;20.0;0.0;2.08;55.0;1
random_n60_k3_pos30_neg5_err10_3.g;20.0;20.0;0.0;7.15;203.0;1
random_n60_k3_pos30_neg5_err10_4.g;28.0;28.0;0.0;24.81;416.0;1
random_n60_k3_pos30_neg5_err10_5.g;19.0;19.0;0.0;3.12;74.0;1
random_n60_k3_pos30_neg5_err20_1.g;41.0;41.0;0.0;1984.42;35689.0;1
random_n60_k3_pos30_neg5_err20_2.g;35.0;35.0;0.0;404.75;6015.0;1
random_n60_k3_pos30_neg5_err20_3.g;37.0;37.0;0.0;1149.68;25188.0;1
random_n60_k3_pos30_neg5_err20_4.g;49.0;34.0;0.31;3600.0;22806.0;0
random_n60_k3_pos30_neg5_err20_5.g;37.0;30.0;0.19;3600.0;51197.0;0
