random_n60_k2_pos30_neg5_err5_1.g;23.0;23.0;0.0;11.04;81.0;1
random_n60_k2_pos30_neg5_err5_2.g;11.0;11.0;0.0;1.63;3.0;1
random_n60_k2_pos30_neg5_err5_3.g;9.0;9.0;0.0;4.58;3.0;1
random_n60_k2_pos30_neg5_err5_4.g;13.0;13.0;0.0;13.39;7.0;1
random_n60_k2_pos30_neg5_err5_5.g;13.0;13.0;0.0;5.87;9.0;1
random_n60_k2_pos30_neg5_err10_1.g;38.0;38.0;0.0;35.94;468.0;1
random_n60_k2_pos30_neg5_err10_2.g;24.0;24.0;0.0;4.89;15.0;1
random_n60_k2_pos30_neg5_err10_3.g;34.0;34.0;0.0;30.02;70.0;1
random_n60_k2_pos30_neg5_err10_4.g;35.0;35.0;0.0;23.35;134.0;1
random_n60_k2_pos30_neg5_err10_5.g;25.0;25.0;0.0;10.73;66.0;1
random_n60_k2_pos30_neg5_err20_1.g;61.0;44.0;0.28;3600.0;17707.0;0
random_n60_k2_pos30_neg5_err20_2.g;53.0;53.0;0.0;750.35;4883.0;1
random_n60_k2_pos30_neg5_err20_3.g;63.0;56.0;0.11;3600.0;15352.0;0
random_n60_k2_pos30_neg5_err20_4.g;67.0;45.0;0.33;3600.01;13787.0;0
random_n60_k2_pos30_neg5_err20_5.g;54.0;46.0;0.15;3600.0;12644.0;0
