random_n60_k3_pos30_neg5_err5_1.g;13.0;3.0;0.77;3600.0;62459.0;0
random_n60_k3_pos30_neg5_err5_2.g;9.0;5.0;0.44;3600.0;49405.0;0
random_n60_k3_pos30_neg5_err5_3.g;14.0;4.0;0.71;3600.0;29428.0;0
random_n60_k3_pos30_neg5_err5_4.g;15.0;3.0;0.8;3600.0;6745.0;0
random_n60_k3_pos30_neg5_err5_5.g;8.0;6.0;0.25;3600.0;33217.0;0
random_n60_k3_pos30_neg5_err10_1.g;21.0;3.0;0.86;3600.0;13013.0;0
random_n60_k3_pos30_neg5_err10_2.g;20.0;3.0;0.85;3600.0;12979.0;0
random_n60_k3_pos30_neg5_err10_3.g;20.0;4.0;0.8;3600.0;20841.0;0
random_n60_k3_pos30_neg5_err10_4.g;28.0;3.0;0.89;3600.0;7799.0;0
random_n60_k3_pos30_neg5_err10_5.g;19.0;4.0;0.79;3600.0;14779.0;0
random_n60_k3_pos30_neg5_err20_1.g;41.0;4.0;0.9;3600.0;15254.0;0
random_n60_k3_pos30_neg5_err20_2.g;35.0;2.0;0.94;3600.0;10164.0;0
random_n60_k3_pos30_neg5_err20_3.g;37.0;3.0;0.92;3600.0;14034.0;0
random_n60_k3_pos30_neg5_err20_4.g;49.0;2.0;0.96;3600.0;6844.0;0
random_n60_k3_pos30_neg5_err20_5.g;37.0;3.0;0.92;3600.0;11023.0;0
