random_n60_k5_pos30_neg5_err5_1.g;11.0;11.0;0.0;1.84;54.0;1
random_n60_k5_pos30_neg5_err5_2.g;4.0;4.0;0.0;1.19;7.0;1
random_n60_k5_pos30_neg5_err5_3.g;10.0;10.0;0.0;2.79;27.0;1
random_n60_k5_pos30_neg5_err5_4.g;10.0;10.0;0.0;1.41;20.0;1
random_n60_k5_pos30_neg5_err5_5.g;6.0;6.0;0.0;3.19;12.0;1
random_n60_k5_pos30_neg5_err10_1.g;18.0;18.0;0.0;20.16;973.0;1
random_n60_k5_pos30_neg5_err10_2.g;12.0;12.0;0.0;1.66;74.0;1
random_n60_k5_pos30_neg5_err10_3.g;18.0;18.0;0.0;45.26;2314.0;1
random_n60_k5_pos30_neg5_err10_4.g;13.0;13.0;0.0;3.87;113.0;1
random_n60_k5_pos30_neg5_err10_5.g;15.0;15.0;0.0;7.09;91.0;1
random_n60_k5_pos30_neg5_err20_1.g;23.0;23.0;0.0;520.2;18467.0;1
random_n60_k5_pos30_neg5_err20_2.g;22.0;22.0;0.0;157.31;4540.0;1
random_n60_k5_pos30_neg5_err20_3.g;22.0;22.0;0.0;141.47;7924.0;1
random_n60_k5_pos30_neg5_err20_4.g;26.0;26.0;0.0;450.98;16425.0;1
random_n60_k5_pos30_neg5_err20_5.g;26.0;26.0;0.0;271.6;3721.0;1
