random_n60_k5_pos30_neg5_err5_1.g;11.0;4.0;0.64;3600.0;120240.0;0
random_n60_k5_pos30_neg5_err5_2.g;4.0;4.0;0.0;71.15;6055.0;1
random_n60_k5_pos30_neg5_err5_3.g;10.0;5.0;0.5;3600.0;88128.0;0
random_n60_k5_pos30_neg5_err5_4.g;10.0;4.0;0.6;3600.0;105884.0;0
random_n60_k5_pos30_neg5_err5_5.g;6.0;4.0;0.33;3600.0;98609.0;0
random_n60_k5_pos30_neg5_err10_1.g;18.0;3.0;0.83;3600.0;71082.0;0
random_n60_k5_pos30_neg5_err10_2.g;12.0;5.0;0.58;3600.0;29550.0;0
random_n60_k5_pos30_neg5_err10_3.g;18.0;4.0;0.78;3600.0;49912.0;0
random_n60_k5_pos30_neg5_err10_4.g;13.0;4.0;0.69;3600.0;50430.0;0
random_n60_k5_pos30_neg5_err10_5.g;15.0;4.0;0.73;3600.0;19758.0;0
random_n60_k5_pos30_neg5_err20_1.g;24.0;3.0;0.88;3600.0;27836.0;0
random_n60_k5_pos30_neg5_err20_2.g;22.0;3.0;0.86;3600.0;14541.0;0
random_n60_k5_pos30_neg5_err20_3.g;22.0;4.0;0.82;3600.0;50699.0;0
random_n60_k5_pos30_neg5_err20_4.g;26.0;3.0;0.88;3600.0;25510.0;0
random_n60_k5_pos30_neg5_err20_5.g;26.0;3.0;0.88;3600.0;11344.0;0
