random_n60_k3_pos30_neg5_err5_1.g;13.0;5.0;0.62;3600.0;29574.0;0
random_n60_k3_pos30_neg5_err5_2.g;9.0;3.0;0.67;3600.0;17550.0;0
random_n60_k3_pos30_neg5_err5_3.g;14.0;6.0;0.57;3600.0;34470.0;0
random_n60_k3_pos30_neg5_err5_4.g;15.0;3.0;0.8;3600.0;4707.0;0
random_n60_k3_pos30_neg5_err5_5.g;8.0;4.0;0.5;3600.0;28904.0;0
random_n60_k3_pos30_neg5_err10_1.g;21.0;3.0;0.86;3600.0;20031.0;0
random_n60_k3_pos30_neg5_err10_2.g;20.0;3.0;0.85;3600.0;9862.0;0
random_n60_k3_pos30_neg5_err10_3.g;20.0;5.0;0.75;3600.0;27086.0;0
random_n60_k3_pos30_neg5_err10_4.g;28.0;2.0;0.93;3600.0;4180.0;0
random_n60_k3_pos30_neg5_err10_5.g;19.0;4.0;0.79;3600.0;12028.0;0
random_n60_k3_pos30_neg5_err20_1.g;41.0;2.0;0.95;3600.0;7369.0;0
random_n60_k3_pos30_neg5_err20_2.g;35.0;3.0;0.91;3600.0;7659.0;0
random_n60_k3_pos30_neg5_err20_3.g;37.0;3.0;0.92;3600.01;10202.0;0
random_n60_k3_pos30_neg5_err20_4.g;49.0;2.0;0.96;3600.01;3818.0;0
random_n60_k3_pos30_neg5_err20_5.g;39.0;3.0;0.92;3600.0;9129.0;0
