random_n60_k2_pos30_neg5_err5_1.g;23.0;1.0;0.96;3600.01;2011.0;0
random_n60_k2_pos30_neg5_err5_2.g;11.0;1.0;0.91;3600.01;1464.0;0
random_n60_k2_pos30_neg5_err5_3.g;9.0;1.0;0.89;3600.03;1201.0;0
random_n60_k2_pos30_neg5_err5_4.g;13.0;1.0;0.92;3600.13;1494.0;0
random_n60_k2_pos30_neg5_err5_5.g;13.0;1.0;0.92;3600.13;1555.0;0
random_n60_k2_pos30_neg5_err10_1.g;38.0;1.0;0.97;3600.05;1706.0;0
random_n60_k2_pos30_neg5_err10_2.g;24.0;1.0;0.96;3600.06;1375.0;0
random_n60_k2_pos30_neg5_err10_3.g;34.0;1.0;0.97;3600.06;1780.0;0
random_n60_k2_pos30_neg5_err10_4.g;35.0;1.0;0.97;3600.14;1180.0;0
random_n60_k2_pos30_neg5_err10_5.g;25.0;1.0;0.96;3600.01;1880.0;0
random_n60_k2_pos30_neg5_err20_1.g;63.0;1.0;0.98;3600.02;3237.0;0
random_n60_k2_pos30_neg5_err20_2.g;53.0;1.0;0.98;3600.01;2992.0;0
random_n60_k2_pos30_neg5_err20_3.g;63.0;0.0;1.0;3600.02;2610.0;0
random_n60_k2_pos30_neg5_err20_4.g;68.0;1.0;0.99;3600.02;2754.0;0
random_n60_k2_pos30_neg5_err20_5.g;54.0;1.0;0.98;3600.02;2425.0;0
random_n60_k3_pos30_neg5_err5_1.g;13.0;1.0;0.92;3600.07;5500.0;0
random_n60_k3_pos30_neg5_err5_2.g;9.0;1.0;0.89;3600.01;4453.0;0
random_n60_k3_pos30_neg5_err5_3.g;14.0;1.0;0.93;3600.03;5257.0;0
random_n60_k3_pos30_neg5_err5_4.g;15.0;1.0;0.93;3600.02;4646.0;0
random_n60_k3_pos30_neg5_err5_5.g;8.0;1.0;0.88;3600.02;5487.0;0
random_n60_k3_pos30_neg5_err10_1.g;21.0;1.0;0.95;3600.06;7990.0;0
random_n60_k3_pos30_neg5_err10_2.g;20.0;1.0;0.95;3600.01;6677.0;0
random_n60_k3_pos30_neg5_err10_3.g;20.0;1.0;0.95;3600.01;8766.0;0
random_n60_k3_pos30_neg5_err10_4.g;28.0;1.0;0.96;3600.01;6043.0;0
random_n60_k3_pos30_neg5_err10_5.g;19.0;1.0;0.95;3600.03;6667.0;0
random_n60_k3_pos30_neg5_err20_1.g;41.0;1.0;0.98;3600.01;6709.0;0
random_n60_k3_pos30_neg5_err20_2.g;35.0;1.0;0.97;3600.01;9591.0;0
random_n60_k3_pos30_neg5_err20_3.g;37.0;1.0;0.97;3600.02;8469.0;0
random_n60_k3_pos30_neg5_err20_4.g;50.0;1.0;0.98;3600.01;5681.0;0
random_n60_k3_pos30_neg5_err20_5.g;40.0;1.0;0.97;3600.01;10996.0;0
random_n60_k4_pos30_neg5_err5_1.g;9.0;1.0;0.89;3600.03;14347.0;0
random_n60_k4_pos30_neg5_err5_2.g;7.0;0.0;1.0;3600.05;12703.0;0
random_n60_k4_pos30_neg5_err5_3.g;9.0;1.0;0.89;3600.03;8310.0;0
random_n60_k4_pos30_neg5_err5_4.g;16.0;1.0;0.94;3600.01;18084.0;0
random_n60_k4_pos30_neg5_err5_5.g;13.0;1.0;0.92;3600.0;15632.0;0
random_n60_k4_pos30_neg5_err10_1.g;17.0;1.0;0.94;3600.0;15013.0;0
random_n60_k4_pos30_neg5_err10_2.g;13.0;1.0;0.92;3600.01;12280.0;0
random_n60_k4_pos30_neg5_err10_3.g;19.0;1.0;0.95;3600.01;12690.0;0
random_n60_k4_pos30_neg5_err10_4.g;20.0;1.0;0.95;3600.01;15634.0;0
random_n60_k4_pos30_neg5_err10_5.g;18.0;1.0;0.94;3600.01;10330.0;0
random_n60_k4_pos30_neg5_err20_1.g;28.0;1.0;0.96;3600.01;20654.0;0
random_n60_k4_pos30_neg5_err20_2.g;29.0;1.0;0.97;3600.0;16010.0;0
random_n60_k4_pos30_neg5_err20_3.g;34.0;1.0;0.97;3600.01;16284.0;0
random_n60_k4_pos30_neg5_err20_4.g;33.0;1.0;0.97;3600.02;16285.0;0
random_n60_k4_pos30_neg5_err20_5.g;33.0;1.0;0.97;3600.0;13847.0;0
random_n60_k5_pos30_neg5_err5_1.g;11.0;1.0;0.91;3600.01;28273.0;0
random_n60_k5_pos30_neg5_err5_2.g;4.0;0.0;1.0;3600.01;17950.0;0
random_n60_k5_pos30_neg5_err5_3.g;10.0;2.0;0.8;3600.01;26896.0;0
random_n60_k5_pos30_neg5_err5_4.g;10.0;1.0;0.9;3600.01;25759.0;0
random_n60_k5_pos30_neg5_err5_5.g;6.0;1.0;0.83;3600.0;18249.0;0
random_n60_k5_pos30_neg5_err10_1.g;18.0;1.0;0.94;3600.0;34684.0;0
random_n60_k5_pos30_neg5_err10_2.g;12.0;1.0;0.92;3600.0;21355.0;0
random_n60_k5_pos30_neg5_err10_3.g;19.0;1.0;0.95;3600.0;27277.0;0
random_n60_k5_pos30_neg5_err10_4.g;13.0;1.0;0.92;3600.0;15743.0;0
random_n60_k5_pos30_neg5_err10_5.g;15.0;1.0;0.93;3600.04;19112.0;0
random_n60_k5_pos30_neg5_err20_1.g;24.0;1.0;0.96;3600.0;31433.0;0
random_n60_k5_pos30_neg5_err20_2.g;22.0;1.0;0.95;3600.03;25422.0;0
random_n60_k5_pos30_neg5_err20_3.g;23.0;1.0;0.96;3600.0;38469.0;0
random_n60_k5_pos30_neg5_err20_4.g;26.0;1.0;0.96;3600.0;36099.0;0
random_n60_k5_pos30_neg5_err20_5.g;26.0;1.0;0.96;3600.02;15370.0;0
