random_n60_k2_pos30_neg5_err5_1.g;23.0;23.0;0.0;469.42;28.0;1
random_n60_k2_pos30_neg5_err5_2.g;11.0;11.0;0.0;306.61;7.0;1
random_n60_k2_pos30_neg5_err5_3.g;9.0;9.0;0.0;307.16;3.0;1
random_n60_k2_pos30_neg5_err5_4.g;13.0;13.0;0.0;363.01;7.0;1
random_n60_k2_pos30_neg5_err5_5.g;13.0;13.0;0.0;311.16;9.0;1
random_n60_k2_pos30_neg5_err10_1.g;38.0;38.0;0.0;3037.56;1101.0;1
random_n60_k2_pos30_neg5_err10_2.g;24.0;24.0;0.0;399.63;21.0;1
random_n60_k2_pos30_neg5_err10_3.g;34.0;34.0;0.0;656.04;38.0;1
random_n60_k2_pos30_neg5_err10_4.g;35.0;35.0;0.0;676.66;99.0;1
random_n60_k2_pos30_neg5_err10_5.g;25.0;25.0;0.0;790.84;54.0;1
random_n60_k2_pos30_neg5_err20_1.g;61.0;28.0;0.54;3600.06;692.0;0
random_n60_k2_pos30_neg5_err20_2.g;55.0;30.0;0.45;3601.05;511.0;0
random_n60_k2_pos30_neg5_err20_3.g;63.0;34.0;0.46;3600.04;358.0;0
random_n60_k2_pos30_neg5_err20_4.g;67.0;20.0;0.7;3600.02;489.0;0
random_n60_k2_pos30_neg5_err20_5.g;56.0;27.0;0.52;3601.99;387.0;0
random_n60_k3_pos30_neg5_err5_1.g;13.0;13.0;0.0;149.6;9.0;1
random_n60_k3_pos30_neg5_err5_2.g;9.0;9.0;0.0;267.25;25.0;1
random_n60_k3_pos30_neg5_err5_3.g;14.0;14.0;0.0;236.98;38.0;1
random_n60_k3_pos30_neg5_err5_4.g;15.0;15.0;0.0;296.08;17.0;1
random_n60_k3_pos30_neg5_err5_5.g;8.0;8.0;0.0;118.06;5.0;1
random_n60_k3_pos30_neg5_err10_1.g;21.0;21.0;0.0;503.61;110.0;1
random_n60_k3_pos30_neg5_err10_2.g;20.0;20.0;0.0;637.47;201.0;1
random_n60_k3_pos30_neg5_err10_3.g;20.0;20.0;0.0;469.53;90.0;1
random_n60_k3_pos30_neg5_err10_4.g;28.0;28.0;0.0;1317.95;416.0;1
random_n60_k3_pos30_neg5_err10_5.g;19.0;19.0;0.0;345.1;72.0;1
random_n60_k3_pos30_neg5_err20_1.g;41.0;18.0;0.56;3600.08;957.0;0
random_n60_k3_pos30_neg5_err20_2.g;35.0;20.0;0.43;3600.72;687.0;0
random_n60_k3_pos30_neg5_err20_3.g;37.0;18.0;0.51;3600.01;1244.0;0
random_n60_k3_pos30_neg5_err20_4.g;49.0;22.0;0.55;3600.46;669.0;0
random_n60_k3_pos30_neg5_err20_5.g;41.0;14.0;0.66;3600.07;863.0;0
random_n60_k4_pos30_neg5_err5_1.g;9.0;9.0;0.0;78.73;22.0;1
random_n60_k4_pos30_neg5_err5_2.g;7.0;7.0;0.0;191.73;31.0;1
random_n60_k4_pos30_neg5_err5_3.g;9.0;9.0;0.0;124.09;7.0;1
random_n60_k4_pos30_neg5_err5_4.g;16.0;16.0;0.0;459.81;290.0;1
random_n60_k4_pos30_neg5_err5_5.g;13.0;13.0;0.0;232.53;65.0;1
random_n60_k4_pos30_neg5_err10_1.g;17.0;17.0;0.0;360.66;165.0;1
random_n60_k4_pos30_neg5_err10_2.g;13.0;13.0;0.0;148.57;36.0;1
random_n60_k4_pos30_neg5_err10_3.g;19.0;19.0;0.0;621.27;372.0;1
random_n60_k4_pos30_neg5_err10_4.g;20.0;20.0;0.0;680.49;414.0;1
random_n60_k4_pos30_neg5_err10_5.g;18.0;18.0;0.0;619.8;456.0;1
random_n60_k4_pos30_neg5_err20_1.g;28.0;17.0;0.39;3600.77;1589.0;0
random_n60_k4_pos30_neg5_err20_2.g;29.0;17.0;0.41;3600.42;1159.0;0
random_n60_k4_pos30_neg5_err20_3.g;32.0;18.0;0.44;3600.96;1198.0;0
random_n60_k4_pos30_neg5_err20_4.g;30.0;16.0;0.47;3600.01;1566.0;0
random_n60_k4_pos30_neg5_err20_5.g;32.0;17.0;0.47;3600.01;1263.0;0
random_n60_k5_pos30_neg5_err5_1.g;11.0;11.0;0.0;107.42;176.0;1
random_n60_k5_pos30_neg5_err5_2.g;4.0;4.0;0.0;36.0;7.0;1
random_n60_k5_pos30_neg5_err5_3.g;10.0;10.0;0.0;120.05;21.0;1
random_n60_k5_pos30_neg5_err5_4.g;10.0;10.0;0.0;109.7;26.0;1
random_n60_k5_pos30_neg5_err5_5.g;6.0;6.0;0.0;101.76;14.0;1
random_n60_k5_pos30_neg5_err10_1.g;18.0;14.0;0.22;3600.01;2353.0;0
random_n60_k5_pos30_neg5_err10_2.g;12.0;12.0;0.0;150.69;51.0;1
random_n60_k5_pos30_neg5_err10_3.g;18.0;12.0;0.33;3600.02;14119.0;0
random_n60_k5_pos30_neg5_err10_4.g;13.0;13.0;0.0;191.06;72.0;1
random_n60_k5_pos30_neg5_err10_5.g;15.0;15.0;0.0;347.68;615.0;1
random_n60_k5_pos30_neg5_err20_1.g;23.0;13.0;0.43;3600.01;4105.0;0
random_n60_k5_pos30_neg5_err20_2.g;22.0;13.0;0.41;3600.01;3552.0;0
random_n60_k5_pos30_neg5_err20_3.g;22.0;13.0;0.41;3600.62;1778.0;0
random_n60_k5_pos30_neg5_err20_4.g;26.0;13.0;0.5;3600.02;10202.0;0
random_n60_k5_pos30_neg5_err20_5.g;26.0;12.0;0.54;3600.01;2307.0;0
