random_n60_k2_pos30_neg5_err5_1.g;23.0;8.0;0.65;3600.06;1006.0;0
random_n60_k2_pos30_neg5_err5_2.g;11.0;11.0;0.0;1788.42;967.0;1
random_n60_k2_pos30_neg5_err5_3.g;9.0;9.0;0.0;1551.86;1543.0;1
random_n60_k2_pos30_neg5_err5_4.g;13.0;13.0;0.0;1840.96;923.0;1
random_n60_k2_pos30_neg5_err5_5.g;13.0;13.0;0.0;2061.93;255.0;1
random_n60_k2_pos30_neg5_err10_1.g;38.0;8.0;0.79;3602.59;882.0;0
random_n60_k2_pos30_neg5_err10_2.g;24.0;10.0;0.58;3600.85;858.0;0
random_n60_k2_pos30_neg5_err10_3.g;34.0;15.0;0.56;3600.14;808.0;0
random_n60_k2_pos30_neg5_err10_4.g;35.0;10.0;0.71;3601.11;873.0;0
random_n60_k2_pos30_neg5_err10_5.g;25.0;9.0;0.64;3600.09;716.0;0
random_n60_k2_pos30_neg5_err20_1.g;67.0;9.0;0.87;3601.36;730.0;0
random_n60_k2_pos30_neg5_err20_2.g;56.0;7.0;0.88;3600.19;638.0;0
random_n60_k2_pos30_neg5_err20_3.g;63.0;15.0;0.76;3601.66;802.0;0
random_n60_k2_pos30_neg5_err20_4.g;89.0;8.0;0.91;3600.61;830.0;0
random_n60_k2_pos30_neg5_err20_5.g;63.0;8.0;0.87;3600.21;838.0;0
random_n60_k3_pos30_neg5_err5_1.g;13.0;7.0;0.46;3600.97;1305.0;0
random_n60_k3_pos30_neg5_err5_2.g;9.0;9.0;0.0;1108.94;2205.0;1
random_n60_k3_pos30_neg5_err5_3.g;14.0;8.0;0.43;3600.06;8220.0;0
random_n60_k3_pos30_neg5_err5_4.g;15.0;10.0;0.33;3600.01;4459.0;0
random_n60_k3_pos30_neg5_err5_5.g;8.0;8.0;0.0;1908.44;2019.0;1
random_n60_k3_pos30_neg5_err10_1.g;21.0;7.0;0.67;3600.01;1014.0;0
random_n60_k3_pos30_neg5_err10_2.g;20.0;7.0;0.65;3600.07;1098.0;0
random_n60_k3_pos30_neg5_err10_3.g;20.0;8.0;0.6;3600.03;9689.0;0
random_n60_k3_pos30_neg5_err10_4.g;28.0;8.0;0.71;3601.2;1113.0;0
random_n60_k3_pos30_neg5_err10_5.g;19.0;8.0;0.58;3600.08;7193.0;0
random_n60_k3_pos30_neg5_err20_1.g;41.0;10.0;0.76;3600.33;10248.0;0
random_n60_k3_pos30_neg5_err20_2.g;35.0;9.0;0.74;3600.02;10389.0;0
random_n60_k3_pos30_neg5_err20_3.g;37.0;8.0;0.78;3600.06;10760.0;0
random_n60_k3_pos30_neg5_err20_4.g;60.0;7.0;0.88;3600.02;976.0;0
random_n60_k3_pos30_neg5_err20_5.g;42.0;8.0;0.81;3600.03;10864.0;0
random_n60_k4_pos30_neg5_err5_1.g;9.0;4.0;0.56;3600.04;7625.0;0
random_n60_k4_pos30_neg5_err5_2.g;7.0;7.0;0.0;676.18;1460.0;1
random_n60_k4_pos30_neg5_err5_3.g;9.0;9.0;0.0;510.17;1323.0;1
random_n60_k4_pos30_neg5_err5_4.g;16.0;3.0;0.81;3600.11;1300.0;0
random_n60_k4_pos30_neg5_err5_5.g;15.0;6.0;0.6;3600.02;12834.0;0
random_n60_k4_pos30_neg5_err10_1.g;17.0;5.0;0.71;3600.73;1378.0;0
random_n60_k4_pos30_neg5_err10_2.g;13.0;8.0;0.38;3600.76;1381.0;0
random_n60_k4_pos30_neg5_err10_3.g;19.0;8.0;0.58;3600.03;10354.0;0
random_n60_k4_pos30_neg5_err10_4.g;20.0;9.0;0.55;3600.02;11911.0;0
random_n60_k4_pos30_neg5_err10_5.g;18.0;9.0;0.5;3600.23;10202.0;0
random_n60_k4_pos30_neg5_err20_1.g;28.0;5.0;0.82;3600.04;1232.0;0
random_n60_k4_pos30_neg5_err20_2.g;33.0;9.0;0.73;3600.56;1322.0;0
random_n60_k4_pos30_neg5_err20_3.g;32.0;5.0;0.84;3601.1;1195.0;0
random_n60_k4_pos30_neg5_err20_4.g;32.0;5.0;0.84;3600.6;1213.0;0
random_n60_k4_pos30_neg5_err20_5.g;32.0;5.0;0.84;3601.37;1080.0;0
random_n60_k5_pos30_neg5_err5_1.g;11.0;7.0;0.36;3600.01;22569.0;0
random_n60_k5_pos30_neg5_err5_2.g;4.0;4.0;0.0;518.54;739.0;1
random_n60_k5_pos30_neg5_err5_3.g;10.0;6.0;0.4;3600.01;15678.0;0
random_n60_k5_pos30_neg5_err5_4.g;10.0;5.0;0.5;3600.92;1352.0;0
random_n60_k5_pos30_neg5_err5_5.g;6.0;6.0;0.0;1918.09;8444.0;1
random_n60_k5_pos30_neg5_err10_1.g;18.0;5.0;0.72;3600.04;33973.0;0
random_n60_k5_pos30_neg5_err10_2.g;12.0;6.0;0.5;3601.03;1562.0;0
random_n60_k5_pos30_neg5_err10_3.g;18.0;7.0;0.61;3600.01;27143.0;0
random_n60_k5_pos30_neg5_err10_4.g;13.0;6.0;0.54;3600.76;1487.0;0
random_n60_k5_pos30_neg5_err10_5.g;15.0;7.0;0.53;3600.01;12168.0;0
random_n60_k5_pos30_neg5_err20_1.g;23.0;8.0;0.65;3600.03;34367.0;0
random_n60_k5_pos30_neg5_err20_2.g;22.0;8.0;0.64;3600.01;24317.0;0
random_n60_k5_pos30_neg5_err20_3.g;22.0;8.0;0.64;3600.04;38944.0;0
random_n60_k5_pos30_neg5_err20_4.g;26.0;7.0;0.73;3600.03;34725.0;0
random_n60_k5_pos30_neg5_err20_5.g;26.0;5.0;0.81;3600.01;13132.0;0
