random_n60_k2_pos30_neg5_err5_1.g;23.0;23.0;0.0;22.6;76.0;1
random_n60_k2_pos30_neg5_err5_2.g;11.0;11.0;0.0;12.08;3.0;1
random_n60_k2_pos30_neg5_err5_3.g;9.0;9.0;0.0;3.91;3.0;1
random_n60_k2_pos30_neg5_err5_4.g;13.0;13.0;0.0;17.05;3.0;1
random_n60_k2_pos30_neg5_err5_5.g;13.0;13.0;0.0;17.11;9.0;1
random_n60_k2_pos30_neg5_err10_1.g;38.0;38.0;0.0;191.49;763.0;1
random_n60_k2_pos30_neg5_err10_2.g;24.0;24.0;0.0;48.95;64.0;1
random_n60_k2_pos30_neg5_err10_3.g;34.0;34.0;0.0;53.32;72.0;1
random_n60_k2_pos30_neg5_err10_4.g;35.0;35.0;0.0;52.36;92.0;1
random_n60_k2_pos30_neg5_err10_5.g;25.0;25.0;0.0;20.52;17.0;1
random_n60_k2_pos30_neg5_err20_1.g;61.0;43.0;0.3;3600.0;8866.0;0
random_n60_k2_pos30_neg5_err20_2.g;53.0;53.0;0.0;3209.03;8719.0;1
random_n60_k2_pos30_neg5_err20_3.g;63.0;63.0;0.0;3115.87;6042.0;1
random_n60_k2_pos30_neg5_err20_4.g;67.0;42.0;0.37;3600.0;7503.0;0
random_n60_k2_pos30_neg5_err20_5.g;54.0;48.0;0.11;3600.0;9855.0;0
random_n60_k3_pos30_neg5_err5_1.g;13.0;13.0;0.0;2.59;9.0;1
random_n60_k3_pos30_neg5_err5_2.g;9.0;9.0;0.0;2.85;11.0;1
random_n60_k3_pos30_neg5_err5_3.g;14.0;14.0;0.0;5.53;63.0;1
random_n60_k3_pos30_neg5_err5_4.g;15.0;15.0;0.0;18.2;31.0;1
random_n60_k3_pos30_neg5_err5_5.g;8.0;8.0;0.0;0.93;5.0;1
random_n60_k3_pos30_neg5_err10_1.g;21.0;21.0;0.0;6.05;94.0;1
random_n60_k3_pos30_neg5_err10_2.g;20.0;20.0;0.0;6.9;50.0;1
random_n60_k3_pos30_neg5_err10_3.g;20.0;20.0;0.0;7.62;191.0;1
random_n60_k3_pos30_neg5_err10_4.g;28.0;28.0;0.0;143.57;1013.0;1
random_n60_k3_pos30_neg5_err10_5.g;19.0;19.0;0.0;5.52;84.0;1
random_n60_k3_pos30_neg5_err20_1.g;41.0;41.0;0.0;1955.7;16554.0;1
random_n60_k3_pos30_neg5_err20_2.g;35.0;35.0;0.0;1409.68;14703.0;1
random_n60_k3_pos30_neg5_err20_3.g;37.0;37.0;0.0;1680.75;18115.0;1
random_n60_k3_pos30_neg5_err20_4.g;49.0;35.0;0.29;3600.0;12791.0;0
random_n60_k3_pos30_neg5_err20_5.g;37.0;37.0;0.0;1524.1;15231.0;1
random_n60_k4_pos30_neg5_err5_1.g;9.0;9.0;0.0;1.67;27.0;1
random_n60_k4_pos30_neg5_err5_2.g;7.0;7.0;0.0;3.22;7.0;1
random_n60_k4_pos30_neg5_err5_3.g;9.0;9.0;0.0;4.45;7.0;1
random_n60_k4_pos30_neg5_err5_4.g;16.0;16.0;0.0;6.16;172.0;1
random_n60_k4_pos30_neg5_err5_5.g;13.0;13.0;0.0;2.79;58.0;1
random_n60_k4_pos30_neg5_err10_1.g;17.0;17.0;0.0;4.46;70.0;1
random_n60_k4_pos30_neg5_err10_2.g;13.0;13.0;0.0;2.2;31.0;1
random_n60_k4_pos30_neg5_err10_3.g;19.0;19.0;0.0;12.97;194.0;1
random_n60_k4_pos30_neg5_err10_4.g;20.0;20.0;0.0;6.8;118.0;1
random_n60_k4_pos30_neg5_err10_5.g;18.0;18.0;0.0;9.77;99.0;1
random_n60_k4_pos30_neg5_err20_1.g;28.0;28.0;0.0;506.02;8846.0;1
random_n60_k4_pos30_neg5_err20_2.g;29.0;29.0;0.0;379.6;5194.0;1
random_n60_k4_pos30_neg5_err20_3.g;32.0;32.0;0.0;605.24;15411.0;1
random_n60_k4_pos30_neg5_err20_4.g;30.0;30.0;0.0;871.41;13438.0;1
random_n60_k4_pos30_neg5_err20_5.g;32.0;32.0;0.0;1254.02;18226.0;1
random_n60_k5_pos30_neg5_err5_1.g;11.0;11.0;0.0;1.84;54.0;1
random_n60_k5_pos30_neg5_err5_2.g;4.0;4.0;0.0;1.19;7.0;1
random_n60_k5_pos30_neg5_err5_3.g;10.0;10.0;0.0;2.79;27.0;1
random_n60_k5_pos30_neg5_err5_4.g;10.0;10.0;0.0;1.41;20.0;1
random_n60_k5_pos30_neg5_err5_5.g;6.0;6.0;0.0;3.19;12.0;1
random_n60_k5_pos30_neg5_err10_1.g;18.0;18.0;0.0;20.16;973.0;1
random_n60_k5_pos30_neg5_err10_2.g;12.0;12.0;0.0;1.66;74.0;1
random_n60_k5_pos30_neg5_err10_3.g;18.0;18.0;0.0;45.26;2314.0;1
random_n60_k5_pos30_neg5_err10_4.g;13.0;13.0;0.0;3.87;113.0;1
random_n60_k5_pos30_neg5_err10_5.g;15.0;15.0;0.0;7.09;91.0;1
random_n60_k5_pos30_neg5_err20_1.g;23.0;23.0;0.0;520.2;18467.0;1
random_n60_k5_pos30_neg5_err20_2.g;22.0;22.0;0.0;157.31;4540.0;1
random_n60_k5_pos30_neg5_err20_3.g;22.0;22.0;0.0;141.47;7924.0;1
random_n60_k5_pos30_neg5_err20_4.g;26.0;26.0;0.0;450.98;16425.0;1
random_n60_k5_pos30_neg5_err20_5.g;26.0;26.0;0.0;271.6;3721.0;1
