random_n60_k2_pos30_neg5_err5_1.g;23.0;3.0;0.87;3600.0;3431.0;0
random_n60_k2_pos30_neg5_err5_2.g;11.0;3.0;0.73;3600.0;3328.0;0
random_n60_k2_pos30_neg5_err5_3.g;9.0;4.0;0.56;3600.0;3039.0;0
random_n60_k2_pos30_neg5_err5_4.g;13.0;3.0;0.77;3600.0;2321.0;0
random_n60_k2_pos30_neg5_err5_5.g;13.0;2.0;0.85;3600.0;2795.0;0
random_n60_k2_pos30_neg5_err10_1.g;38.0;2.0;0.95;3600.0;2292.0;0
random_n60_k2_pos30_neg5_err10_2.g;24.0;4.0;0.83;3600.0;4627.0;0
random_n60_k2_pos30_neg5_err10_3.g;34.0;3.0;0.91;3600.0;2875.0;0
random_n60_k2_pos30_neg5_err10_4.g;35.0;2.0;0.94;3600.0;1777.0;0
random_n60_k2_pos30_neg5_err10_5.g;25.0;2.0;0.92;3600.0;1756.0;0
random_n60_k2_pos30_neg5_err20_1.g;61.0;2.0;0.97;3600.0;4578.0;0
random_n60_k2_pos30_neg5_err20_2.g;53.0;2.0;0.96;3600.0;2438.0;0
random_n60_k2_pos30_neg5_err20_3.g;63.0;2.0;0.97;3600.0;1645.0;0
random_n60_k2_pos30_neg5_err20_4.g;67.0;2.0;0.97;3600.0;1913.0;0
random_n60_k2_pos30_neg5_err20_5.g;54.0;2.0;0.96;3600.0;2310.0;0
random_n60_k3_pos30_neg5_err5_1.g;13.0;5.0;0.62;3600.0;29574.0;0
random_n60_k3_pos30_neg5_err5_2.g;9.0;3.0;0.67;3600.0;17550.0;0
random_n60_k3_pos30_neg5_err5_3.g;14.0;6.0;0.57;3600.0;34470.0;0
random_n60_k3_pos30_neg5_err5_4.g;15.0;3.0;0.8;3600.0;4707.0;0
random_n60_k3_pos30_neg5_err5_5.g;8.0;4.0;0.5;3600.0;28904.0;0
random_n60_k3_pos30_neg5_err10_1.g;21.0;3.0;0.86;3600.0;20031.0;0
random_n60_k3_pos30_neg5_err10_2.g;20.0;3.0;0.85;3600.0;9862.0;0
random_n60_k3_pos30_neg5_err10_3.g;20.0;5.0;0.75;3600.0;27086.0;0
random_n60_k3_pos30_neg5_err10_4.g;28.0;2.0;0.93;3600.0;4180.0;0
random_n60_k3_pos30_neg5_err10_5.g;19.0;4.0;0.79;3600.0;12028.0;0
random_n60_k3_pos30_neg5_err20_1.g;41.0;2.0;0.95;3600.0;7369.0;0
random_n60_k3_pos30_neg5_err20_2.g;35.0;3.0;0.91;3600.0;7659.0;0
random_n60_k3_pos30_neg5_err20_3.g;37.0;3.0;0.92;3600.01;10202.0;0
random_n60_k3_pos30_neg5_err20_4.g;49.0;2.0;0.96;3600.01;3818.0;0
random_n60_k3_pos30_neg5_err20_5.g;39.0;3.0;0.92;3600.0;9129.0;0
random_n60_k4_pos30_neg5_err5_1.g;9.0;4.0;0.56;3600.0;20247.0;0
random_n60_k4_pos30_neg5_err5_2.g;7.0;4.0;0.43;3600.0;269144.0;0
random_n60_k4_pos30_neg5_err5_3.g;9.0;4.0;0.56;3600.0;31434.0;0
random_n60_k4_pos30_neg5_err5_4.g;16.0;3.0;0.81;3600.0;20142.0;0
random_n60_k4_pos30_neg5_err5_5.g;13.0;5.0;0.62;3600.0;55818.0;0
random_n60_k4_pos30_neg5_err10_1.g;17.0;4.0;0.76;3600.0;33325.0;0
random_n60_k4_pos30_neg5_err10_2.g;13.0;5.0;0.62;3600.0;52798.0;0
random_n60_k4_pos30_neg5_err10_3.g;19.0;3.0;0.84;3600.0;9629.0;0
random_n60_k4_pos30_neg5_err10_4.g;20.0;3.0;0.85;3600.0;13897.0;0
random_n60_k4_pos30_neg5_err10_5.g;18.0;4.0;0.78;3600.0;12796.0;0
random_n60_k4_pos30_neg5_err20_1.g;28.0;3.0;0.89;3600.0;11008.0;0
random_n60_k4_pos30_neg5_err20_2.g;29.0;3.0;0.9;3600.0;20504.0;0
random_n60_k4_pos30_neg5_err20_3.g;32.0;3.0;0.91;3600.0;14054.0;0
random_n60_k4_pos30_neg5_err20_4.g;30.0;3.0;0.9;3600.0;13995.0;0
random_n60_k4_pos30_neg5_err20_5.g;32.0;4.0;0.88;3600.0;11348.0;0
random_n60_k5_pos30_neg5_err5_1.g;11.0;4.0;0.64;3600.0;120240.0;0
random_n60_k5_pos30_neg5_err5_2.g;4.0;4.0;0.0;71.15;6055.0;1
random_n60_k5_pos30_neg5_err5_3.g;10.0;5.0;0.5;3600.0;88128.0;0
random_n60_k5_pos30_neg5_err5_4.g;10.0;4.0;0.6;3600.0;105884.0;0
random_n60_k5_pos30_neg5_err5_5.g;6.0;4.0;0.33;3600.0;98609.0;0
random_n60_k5_pos30_neg5_err10_1.g;18.0;3.0;0.83;3600.0;71082.0;0
random_n60_k5_pos30_neg5_err10_2.g;12.0;5.0;0.58;3600.0;29550.0;0
random_n60_k5_pos30_neg5_err10_3.g;18.0;4.0;0.78;3600.0;49912.0;0
random_n60_k5_pos30_neg5_err10_4.g;13.0;4.0;0.69;3600.0;50430.0;0
random_n60_k5_pos30_neg5_err10_5.g;15.0;4.0;0.73;3600.0;19758.0;0
random_n60_k5_pos30_neg5_err20_1.g;24.0;3.0;0.88;3600.0;27836.0;0
random_n60_k5_pos30_neg5_err20_2.g;22.0;3.0;0.86;3600.0;14541.0;0
random_n60_k5_pos30_neg5_err20_3.g;22.0;4.0;0.82;3600.0;50699.0;0
random_n60_k5_pos30_neg5_err20_4.g;26.0;3.0;0.88;3600.0;25510.0;0
random_n60_k5_pos30_neg5_err20_5.g;26.0;3.0;0.88;3600.0;11344.0;0
