random_n60_k2_pos30_neg5_err5_1.g;23.0;3.0;0.87;3600.0;6190.0;0
random_n60_k2_pos30_neg5_err5_2.g;11.0;4.0;0.64;3600.0;7055.0;0
random_n60_k2_pos30_neg5_err5_3.g;9.0;4.0;0.56;3600.0;4145.0;0
random_n60_k2_pos30_neg5_err5_4.g;13.0;4.0;0.69;3600.0;5262.0;0
random_n60_k2_pos30_neg5_err5_5.g;13.0;3.0;0.77;3600.0;5181.0;0
random_n60_k2_pos30_neg5_err10_1.g;38.0;3.0;0.92;3600.0;7377.0;0
random_n60_k2_pos30_neg5_err10_2.g;24.0;7.0;0.71;3600.0;7716.0;0
random_n60_k2_pos30_neg5_err10_3.g;34.0;4.0;0.88;3600.0;5351.0;0
random_n60_k2_pos30_neg5_err10_4.g;35.0;3.0;0.91;3600.0;3554.0;0
random_n60_k2_pos30_neg5_err10_5.g;25.0;3.0;0.88;3600.0;5468.0;0
random_n60_k2_pos30_neg5_err20_1.g;61.0;2.0;0.97;3600.0;8691.0;0
random_n60_k2_pos30_neg5_err20_2.g;53.0;3.0;0.94;3600.0;5874.0;0
random_n60_k2_pos30_neg5_err20_3.g;63.0;2.0;0.97;3600.0;3815.0;0
random_n60_k2_pos30_neg5_err20_4.g;67.0;2.0;0.97;3600.0;4925.0;0
random_n60_k2_pos30_neg5_err20_5.g;54.0;3.0;0.94;3600.0;4656.0;0
random_n60_k3_pos30_neg5_err5_1.g;13.0;3.0;0.77;3600.0;127013.0;0
random_n60_k3_pos30_neg5_err5_2.g;9.0;4.0;0.56;3600.0;93102.0;0
random_n60_k3_pos30_neg5_err5_3.g;14.0;8.0;0.43;3600.0;266621.0;0
random_n60_k3_pos30_neg5_err5_4.g;15.0;4.0;0.73;3600.0;23318.0;0
random_n60_k3_pos30_neg5_err5_5.g;8.0;4.0;0.5;3600.0;201460.0;0
random_n60_k3_pos30_neg5_err10_1.g;21.0;5.0;0.76;3600.0;101328.0;0
random_n60_k3_pos30_neg5_err10_2.g;20.0;4.0;0.8;3600.0;21474.0;0
random_n60_k3_pos30_neg5_err10_3.g;20.0;8.0;0.6;3600.0;251383.0;0
random_n60_k3_pos30_neg5_err10_4.g;28.0;4.0;0.86;3600.0;22771.0;0
random_n60_k3_pos30_neg5_err10_5.g;19.0;8.0;0.58;3600.0;41067.0;0
random_n60_k3_pos30_neg5_err20_1.g;41.0;3.0;0.93;3600.0;27030.0;0
random_n60_k3_pos30_neg5_err20_2.g;35.0;2.0;0.94;3600.0;15327.0;0
random_n60_k3_pos30_neg5_err20_3.g;37.0;3.0;0.92;3600.0;27026.0;0
random_n60_k3_pos30_neg5_err20_4.g;49.0;4.0;0.92;3600.0;15824.0;0
random_n60_k3_pos30_neg5_err20_5.g;37.0;3.0;0.92;3600.0;23210.0;0
random_n60_k4_pos30_neg5_err5_1.g;9.0;6.0;0.33;3600.0;215887.0;0
random_n60_k4_pos30_neg5_err5_2.g;7.0;7.0;0.0;1843.35;156597.0;1
random_n60_k4_pos30_neg5_err5_3.g;9.0;5.0;0.44;3600.0;299957.0;0
random_n60_k4_pos30_neg5_err5_4.g;16.0;4.0;0.75;3600.0;88602.0;0
random_n60_k4_pos30_neg5_err5_5.g;13.0;6.0;0.54;3600.0;338207.0;0
random_n60_k4_pos30_neg5_err10_1.g;17.0;6.0;0.65;3600.0;291640.0;0
random_n60_k4_pos30_neg5_err10_2.g;13.0;5.0;0.62;3600.0;277054.0;0
random_n60_k4_pos30_neg5_err10_3.g;19.0;4.0;0.79;3600.0;65266.0;0
random_n60_k4_pos30_neg5_err10_4.g;20.0;6.0;0.7;3600.0;53503.0;0
random_n60_k4_pos30_neg5_err10_5.g;18.0;5.0;0.72;3600.0;34200.0;0
random_n60_k4_pos30_neg5_err20_1.g;28.0;3.0;0.89;3600.0;30839.0;0
random_n60_k4_pos30_neg5_err20_2.g;29.0;7.0;0.76;3600.0;54613.0;0
random_n60_k4_pos30_neg5_err20_3.g;32.0;3.0;0.91;3600.0;57656.0;0
random_n60_k4_pos30_neg5_err20_4.g;30.0;4.0;0.87;3600.0;54413.0;0
random_n60_k4_pos30_neg5_err20_5.g;32.0;4.0;0.88;3600.0;62374.0;0
random_n60_k5_pos30_neg5_err5_1.g;11.0;7.0;0.36;3600.0;1056935.0;0
random_n60_k5_pos30_neg5_err5_2.g;4.0;4.0;0.0;47.3;10780.0;1
random_n60_k5_pos30_neg5_err5_3.g;10.0;5.0;0.5;3600.0;616612.0;0
random_n60_k5_pos30_neg5_err5_4.g;10.0;5.0;0.5;3600.0;1003474.0;0
random_n60_k5_pos30_neg5_err5_5.g;6.0;3.0;0.5;3600.0;479646.0;0
random_n60_k5_pos30_neg5_err10_1.g;18.0;4.0;0.78;3600.0;389531.0;0
random_n60_k5_pos30_neg5_err10_2.g;12.0;5.0;0.58;3600.0;117673.0;0
random_n60_k5_pos30_neg5_err10_3.g;18.0;4.0;0.78;3600.0;276378.0;0
random_n60_k5_pos30_neg5_err10_4.g;13.0;5.0;0.62;3600.0;249544.0;0
random_n60_k5_pos30_neg5_err10_5.g;15.0;4.0;0.73;3600.0;164980.0;0
random_n60_k5_pos30_neg5_err20_1.g;23.0;4.0;0.83;3600.0;246534.0;0
random_n60_k5_pos30_neg5_err20_2.g;22.0;4.0;0.82;3600.0;52496.0;0
random_n60_k5_pos30_neg5_err20_3.g;22.0;5.0;0.77;3600.0;315801.0;0
random_n60_k5_pos30_neg5_err20_4.g;26.0;3.0;0.88;3600.0;107966.0;0
random_n60_k5_pos30_neg5_err20_5.g;26.0;5.0;0.81;3600.0;44121.0;0
