random_n60_k2_pos30_neg5_err5_1.g;23.0;8.0;0.65;3600.12;733.0;0
random_n60_k2_pos30_neg5_err5_2.g;11.0;11.0;0.0;2493.73;1238.0;1
random_n60_k2_pos30_neg5_err5_3.g;9.0;9.0;0.0;2077.13;1791.0;1
random_n60_k2_pos30_neg5_err5_4.g;13.0;13.0;0.0;2627.53;852.0;1
random_n60_k2_pos30_neg5_err5_5.g;13.0;9.0;0.31;3600.98;1010.0;0
random_n60_k2_pos30_neg5_err10_1.g;38.0;10.0;0.74;3600.31;634.0;0
random_n60_k2_pos30_neg5_err10_2.g;24.0;14.0;0.42;3600.02;2579.0;0
random_n60_k2_pos30_neg5_err10_3.g;34.0;15.0;0.56;3600.39;804.0;0
random_n60_k2_pos30_neg5_err10_4.g;35.0;11.0;0.69;3600.08;668.0;0
random_n60_k2_pos30_neg5_err10_5.g;31.0;9.0;0.71;3602.3;702.0;0
random_n60_k2_pos30_neg5_err20_1.g;61.0;8.0;0.87;3600.07;836.0;0
random_n60_k2_pos30_neg5_err20_2.g;60.0;6.0;0.9;3601.9;908.0;0
random_n60_k2_pos30_neg5_err20_3.g;89.0;14.0;0.84;3600.11;788.0;0
random_n60_k2_pos30_neg5_err20_4.g;89.0;8.0;0.91;3600.14;806.0;0
random_n60_k2_pos30_neg5_err20_5.g;80.0;7.0;0.91;3600.5;843.0;0
random_n60_k3_pos30_neg5_err5_1.g;13.0;9.0;0.31;3600.01;5161.0;0
random_n60_k3_pos30_neg5_err5_2.g;9.0;9.0;0.0;967.11;1881.0;1
random_n60_k3_pos30_neg5_err5_3.g;14.0;6.0;0.57;3600.06;1070.0;0
random_n60_k3_pos30_neg5_err5_4.g;15.0;7.0;0.53;3601.83;1099.0;0
random_n60_k3_pos30_neg5_err5_5.g;8.0;8.0;0.0;1192.15;1268.0;1
random_n60_k3_pos30_neg5_err10_1.g;21.0;10.0;0.52;3600.02;7930.0;0
random_n60_k3_pos30_neg5_err10_2.g;20.0;9.0;0.55;3600.01;7388.0;0
random_n60_k3_pos30_neg5_err10_3.g;20.0;8.0;0.6;3600.02;10376.0;0
random_n60_k3_pos30_neg5_err10_4.g;28.0;7.0;0.75;3601.72;966.0;0
random_n60_k3_pos30_neg5_err10_5.g;19.0;8.0;0.58;3601.64;1096.0;0
random_n60_k3_pos30_neg5_err20_1.g;42.0;11.0;0.74;3600.03;9167.0;0
random_n60_k3_pos30_neg5_err20_2.g;35.0;8.0;0.77;3600.35;1022.0;0
random_n60_k3_pos30_neg5_err20_3.g;38.0;5.0;0.87;3600.24;1071.0;0
random_n60_k3_pos30_neg5_err20_4.g;50.0;12.0;0.76;3600.02;7293.0;0
random_n60_k3_pos30_neg5_err20_5.g;39.0;10.0;0.74;3600.07;10577.0;0
random_n60_k4_pos30_neg5_err5_1.g;9.0;5.0;0.44;3600.04;8870.0;0
random_n60_k4_pos30_neg5_err5_2.g;7.0;5.0;0.29;3600.11;1776.0;0
random_n60_k4_pos30_neg5_err5_3.g;9.0;7.0;0.22;3600.54;1490.0;0
random_n60_k4_pos30_neg5_err5_4.g;16.0;6.0;0.62;3600.02;11469.0;0
random_n60_k4_pos30_neg5_err5_5.g;13.0;7.0;0.46;3600.02;12994.0;0
random_n60_k4_pos30_neg5_err10_1.g;17.0;5.0;0.71;3601.18;1411.0;0
random_n60_k4_pos30_neg5_err10_2.g;15.0;6.0;0.6;3600.07;1449.0;0
random_n60_k4_pos30_neg5_err10_3.g;19.0;6.0;0.68;3600.34;1146.0;0
random_n60_k4_pos30_neg5_err10_4.g;20.0;10.0;0.5;3600.02;12531.0;0
random_n60_k4_pos30_neg5_err10_5.g;18.0;8.0;0.56;3600.47;1257.0;0
random_n60_k4_pos30_neg5_err20_1.g;28.0;7.0;0.75;3600.04;10581.0;0
random_n60_k4_pos30_neg5_err20_2.g;29.0;9.0;0.69;3600.06;11238.0;0
random_n60_k4_pos30_neg5_err20_3.g;32.0;5.0;0.84;3600.76;1234.0;0
random_n60_k4_pos30_neg5_err20_4.g;30.0;6.0;0.8;3600.77;1279.0;0
random_n60_k4_pos30_neg5_err20_5.g;32.0;8.0;0.75;3600.02;10225.0;0
random_n60_k5_pos30_neg5_err5_1.g;11.0;11.0;0.0;2811.46;19636.0;1
random_n60_k5_pos30_neg5_err5_2.g;4.0;4.0;0.0;274.31;889.0;1
random_n60_k5_pos30_neg5_err5_3.g;10.0;5.0;0.5;3600.51;1505.0;0
random_n60_k5_pos30_neg5_err5_4.g;10.0;5.0;0.5;3600.62;1462.0;0
random_n60_k5_pos30_neg5_err5_5.g;6.0;6.0;0.0;3092.7;1525.0;1
random_n60_k5_pos30_neg5_err10_1.g;18.0;4.0;0.78;3601.06;1390.0;0
random_n60_k5_pos30_neg5_err10_2.g;12.0;5.0;0.58;3601.1;1285.0;0
random_n60_k5_pos30_neg5_err10_3.g;18.0;8.0;0.56;3600.04;33407.0;0
random_n60_k5_pos30_neg5_err10_4.g;13.0;5.0;0.62;3601.08;1396.0;0
random_n60_k5_pos30_neg5_err10_5.g;15.0;7.0;0.53;3600.01;11996.0;0
random_n60_k5_pos30_neg5_err20_1.g;24.0;7.0;0.71;3600.05;26380.0;0
random_n60_k5_pos30_neg5_err20_2.g;24.0;5.0;0.79;3600.11;1299.0;0
random_n60_k5_pos30_neg5_err20_3.g;22.0;5.0;0.77;3600.67;1423.0;0
random_n60_k5_pos30_neg5_err20_4.g;27.0;8.0;0.7;3600.01;26260.0;0
random_n60_k5_pos30_neg5_err20_5.g;27.0;3.0;0.89;3600.49;1230.0;0
