random_n60_k2_pos30_neg5_err5_1.g;23.0;0.0;1.0;3600.11;2659.0;0
random_n60_k2_pos30_neg5_err5_2.g;11.0;1.0;0.91;3600.13;1434.0;0
random_n60_k2_pos30_neg5_err5_3.g;9.0;1.0;0.89;3600.01;1415.0;0
random_n60_k2_pos30_neg5_err5_4.g;13.0;1.0;0.92;3600.1;1401.0;0
random_n60_k2_pos30_neg5_err5_5.g;13.0;1.0;0.92;3600.01;1889.0;0
random_n60_k2_pos30_neg5_err10_1.g;38.0;1.0;0.97;3600.01;1827.0;0
random_n60_k2_pos30_neg5_err10_2.g;24.0;1.0;0.96;3600.01;1471.0;0
random_n60_k2_pos30_neg5_err10_3.g;34.0;1.0;0.97;3600.03;1345.0;0
random_n60_k2_pos30_neg5_err10_4.g;35.0;1.0;0.97;3600.04;1376.0;0
random_n60_k2_pos30_neg5_err10_5.g;25.0;1.0;0.96;3600.14;1273.0;0
random_n60_k2_pos30_neg5_err20_1.g;65.0;1.0;0.98;3600.03;3566.0;0
random_n60_k2_pos30_neg5_err20_2.g;67.0;1.0;0.99;3600.11;2584.0;0
random_n60_k2_pos30_neg5_err20_3.g;90.0;1.0;0.99;3600.12;1762.0;0
random_n60_k2_pos30_neg5_err20_4.g;88.0;1.0;0.99;3600.02;2635.0;0
random_n60_k2_pos30_neg5_err20_5.g;56.0;0.0;1.0;3600.01;2856.0;0
random_n60_k3_pos30_neg5_err5_1.g;13.0;1.0;0.92;3600.01;6484.0;0
random_n60_k3_pos30_neg5_err5_2.g;9.0;1.0;0.89;3600.01;5298.0;0
random_n60_k3_pos30_neg5_err5_3.g;14.0;1.0;0.93;3600.04;4780.0;0
random_n60_k3_pos30_neg5_err5_4.g;15.0;1.0;0.93;3600.02;3832.0;0
random_n60_k3_pos30_neg5_err5_5.g;8.0;1.0;0.88;3600.0;5292.0;0
random_n60_k3_pos30_neg5_err10_1.g;21.0;1.0;0.95;3600.06;7500.0;0
random_n60_k3_pos30_neg5_err10_2.g;20.0;1.0;0.95;3600.01;5413.0;0
random_n60_k3_pos30_neg5_err10_3.g;20.0;1.0;0.95;3600.01;6600.0;0
random_n60_k3_pos30_neg5_err10_4.g;28.0;1.0;0.96;3600.04;3310.0;0
random_n60_k3_pos30_neg5_err10_5.g;19.0;1.0;0.95;3600.02;7638.0;0
random_n60_k3_pos30_neg5_err20_1.g;42.0;1.0;0.98;3600.01;7610.0;0
random_n60_k3_pos30_neg5_err20_2.g;36.0;1.0;0.97;3600.05;7202.0;0
random_n60_k3_pos30_neg5_err20_3.g;38.0;1.0;0.97;3600.01;5803.0;0
random_n60_k3_pos30_neg5_err20_4.g;59.0;1.0;0.98;3600.02;6028.0;0
random_n60_k3_pos30_neg5_err20_5.g;37.0;0.0;1.0;3600.01;7364.0;0
random_n60_k4_pos30_neg5_err5_1.g;9.0;1.0;0.89;3600.01;9137.0;0
random_n60_k4_pos30_neg5_err5_2.g;7.0;1.0;0.86;3600.01;8804.0;0
random_n60_k4_pos30_neg5_err5_3.g;9.0;1.0;0.89;3600.03;8054.0;0
random_n60_k4_pos30_neg5_err5_4.g;16.0;1.0;0.94;3600.0;12476.0;0
random_n60_k4_pos30_neg5_err5_5.g;13.0;1.0;0.92;3600.02;13773.0;0
random_n60_k4_pos30_neg5_err10_1.g;17.0;1.0;0.94;3600.0;13143.0;0
random_n60_k4_pos30_neg5_err10_2.g;13.0;1.0;0.92;3600.01;13593.0;0
random_n60_k4_pos30_neg5_err10_3.g;19.0;1.0;0.95;3600.08;9135.0;0
random_n60_k4_pos30_neg5_err10_4.g;20.0;1.0;0.95;3600.03;13784.0;0
random_n60_k4_pos30_neg5_err10_5.g;18.0;1.0;0.94;3600.02;8462.0;0
random_n60_k4_pos30_neg5_err20_1.g;28.0;1.0;0.96;3600.0;10207.0;0
random_n60_k4_pos30_neg5_err20_2.g;29.0;1.0;0.97;3600.01;12026.0;0
random_n60_k4_pos30_neg5_err20_3.g;33.0;1.0;0.97;3600.0;13210.0;0
random_n60_k4_pos30_neg5_err20_4.g;30.0;1.0;0.97;3600.01;13627.0;0
random_n60_k4_pos30_neg5_err20_5.g;32.0;1.0;0.97;3600.0;9327.0;0
random_n60_k5_pos30_neg5_err5_1.g;11.0;1.0;0.91;3600.02;26975.0;0
random_n60_k5_pos30_neg5_err5_2.g;4.0;1.0;0.75;3600.01;20764.0;0
random_n60_k5_pos30_neg5_err5_3.g;10.0;1.0;0.9;3600.01;22599.0;0
random_n60_k5_pos30_neg5_err5_4.g;10.0;1.0;0.9;3600.01;21340.0;0
random_n60_k5_pos30_neg5_err5_5.g;6.0;1.0;0.83;3600.01;20145.0;0
random_n60_k5_pos30_neg5_err10_1.g;19.0;1.0;0.95;3600.01;24195.0;0
random_n60_k5_pos30_neg5_err10_2.g;12.0;1.0;0.92;3600.0;23044.0;0
random_n60_k5_pos30_neg5_err10_3.g;18.0;1.0;0.94;3600.01;23460.0;0
random_n60_k5_pos30_neg5_err10_4.g;13.0;1.0;0.92;3600.01;19370.0;0
random_n60_k5_pos30_neg5_err10_5.g;15.0;1.0;0.93;3600.02;14419.0;0
random_n60_k5_pos30_neg5_err20_1.g;23.0;1.0;0.96;3600.0;27936.0;0
random_n60_k5_pos30_neg5_err20_2.g;23.0;1.0;0.96;3600.0;19262.0;0
random_n60_k5_pos30_neg5_err20_3.g;22.0;1.0;0.95;3600.0;28953.0;0
random_n60_k5_pos30_neg5_err20_4.g;26.0;1.0;0.96;3600.0;31349.0;0
random_n60_k5_pos30_neg5_err20_5.g;26.0;1.0;0.96;3600.01;11537.0;0
